16 0.6484375 0.5328125 0.0421875 0.296875
14 0.21875 0.521875 0.04375 0.0453125
14 0.3015625 0.553125 0.2078125 0.0625
14 0.3125 0.6671875 0.075 0.0859375
15 0.2984375 0.6046875 0.134375 0.04375
15 0.7390625 0.4140625 0.15 0.0546875
12 0.76875 0.6375 0.1453125 0.0625
12 0.321875 0.4546875 0.259375 0.06875
12 0.1859375 0.5796875 0.053125 0.35
12 0.8375 0.5171875 0.046875 0.3046875
5 0.509375 0.5828125 0.1421875 0.0484375
5 0.5140625 0.559375 0.21875 0.2609375
5 0.7828125 0.4921875 0.0625 0.075
5 0.5109375 0.559375 0.7078125 0.3953125