16 0.565625 0.7421875 0.19375 0.15
14 0.384375 0.3859375 0.0375 0.0421875
14 0.384375 0.4703125 0.096875 0.1578125
14 0.3078125 0.528125 0.08125 0.0828125
15 0.359375 0.49375 0.08125 0.1109375
15 0.7140625 0.753125 0.1 0.134375
12 0.4859375 0.4328125 0.1640625 0.20625
12 0.553125 0.8859375 0.109375 0.1296875
12 0.6953125 0.9 0.221875 0.165625
12 0.3203125 0.375 0.240625 0.1640625
5 0.4703125 0.6484375 0.0859375 0.11875
5 0.509375 0.609375 0.271875 0.25625
5 0.68125 0.828125 0.0640625 0.06875
5 0.5046875 0.6390625 0.6078125 0.6921875