14 0.3515625 0.1359375 0.05 0.05625
15 0.3703125 0.2703125 0.059375 0.171875
15 0.3171875 0.2421875 0.0796875 0.259375
15 0.7 0.75 0.0515625 0.175
15 0.5765625 0.8421875 0.2265625 0.05625
12 0.2890625 0.3046875 0.1109375 0.384375
12 0.4625 0.0984375 0.084375 0.0453125
12 0.415625 0.8046875 0.0875 0.1859375
5 0.5515625 0.109375 0.065625 0.090625
5 0.590625 0.3015625 0.1203125 0.1640625
5 0.46875 0.3953125 0.1296875 0.109375
5 0.478125 0.50625 0.36875 0.1640625
5 0.4828125 0.4953125 0.5765625 0.925