14 0.4296875 0.2625 0.03125 0.034375
15 0.428125 0.3390625 0.028125 0.1140625
15 0.396875 0.3296875 0.0296875 0.1640625
15 0.6125 0.7140625 0.0265625 0.128125
15 0.5234375 0.771875 0.1546875 0.0234375
13 0.4953125 0.2484375 0.0671875 0.025
13 0.3703125 0.3515625 0.0484375 0.2046875
13 0.4125 0.721875 0.046875 0.146875
6 0.559375 0.2515625 0.0453125 0.0515625
6 0.5765625 0.38125 0.0625 0.1453125
6 0.4875 0.3546875 0.0859375 0.18125
6 0.475 0.5328125 0.23125 0.2421875
6 0.4953125 0.521875 0.3046875 0.628125