14 0.6515625 0.65625 0.0390625 0.046875
15 0.59375 0.565625 0.0984375 0.1140625
15 0.6359375 0.5703125 0.1453125 0.165625
15 0.2578125 0.3890625 0.0625 0.125
15 0.3265625 0.2875 0.1546875 0.1015625
11 0.653125 0.5359375 0.1546875 0.203125
11 0.4515625 0.2734375 0.1046875 0.1546875
11 0.5890625 0.7234375 0.0640625 0.05625
4 0.51875 0.753125 0.0703125 0.0796875
4 0.3828125 0.6203125 0.0953125 0.1609375
4 0.4328125 0.584375 0.1765625 0.1703125
4 0.5578125 0.5890625 0.065625 0.096875
4 0.478125 0.478125 0.5828125 0.6921875