16 0.6625 0.525 0.0359375 0.378125
14 0.19375 0.5265625 0.2390625 0.084375
14 0.0984375 0.4640625 0.046875 0.0421875
14 0.190625 0.659375 0.103125 0.1078125
15 0.19375 0.5859375 0.1828125 0.040625
15 0.7921875 0.3875 0.1859375 0.0640625
12 0.8171875 0.6859375 0.2078125 0.065625
12 0.93125 0.53125 0.06875 0.40625
12 0.046875 0.5328125 0.053125 0.403125
12 0.2421875 0.3953125 0.3359375 0.06875
5 0.8421875 0.4859375 0.090625 0.0984375
5 0.4671875 0.571875 0.1984375 0.05625
5 0.4734375 0.5359375 0.3265625 0.353125
5 0.49375 0.534375 0.9421875 0.40625