14 0.3015625 0.303125 0.0359375 0.04375
15 0.3484375 0.4 0.0828125 0.121875
15 0.3046875 0.3890625 0.1125 0.1765625
15 0.69375 0.684375 0.06875 0.1203125
15 0.6265625 0.775 0.1515625 0.0875
12 0.3046875 0.44375 0.153125 0.26875
12 0.5015625 0.784375 0.0953125 0.1296875
12 0.375 0.2515625 0.0671875 0.046875
5 0.4421875 0.234375 0.0609375 0.06875
5 0.4109375 0.3515625 0.1375 0.1453125
5 0.53125 0.36875 0.0984375 0.13125
5 0.4734375 0.540625 0.265625 0.2390625
5 0.4765625 0.5390625 0.5859375 0.7421875