14 0.6921875 0.8015625 0.0453125 0.065625
14 0.7328125 0.6 0.103125 0.1046875
14 0.6453125 0.7140625 0.103125 0.103125
15 0.6859375 0.6640625 0.1203125 0.1171875
15 0.2109375 0.5265625 0.090625 0.1046875
15 0.290625 0.5921875 0.103125 0.09375
7 0.5890625 0.8375 0.190625 0.13125
7 0.4125 0.3296875 0.128125 0.1203125
7 0.2390625 0.3328125 0.228125 0.265625
7 0.78125 0.75625 0.178125 0.26875
0 0.271875 0.4703125 0.084375 0.0890625
0 0.5125 0.5984375 0.3046875 0.2953125
0 0.5 0.571875 0.7484375 0.7421875