16 0.3671875 0.4953125 0.025 0.3359375
14 0.884375 0.5484375 0.046875 0.0484375
14 0.79375 0.4921875 0.23125 0.0765625
14 0.78125 0.375 0.0953125 0.0921875
15 0.784375 0.440625 0.1625 0.0375
15 0.2390625 0.6265625 0.184375 0.0671875
12 0.7515625 0.6171875 0.3078125 0.0765625
12 0.91875 0.49375 0.0390625 0.371875
12 0.1109375 0.5 0.0515625 0.375
12 0.225 0.3578125 0.1890625 0.05625
5 0.190625 0.534375 0.0875 0.0875
5 0.54375 0.45625 0.1796875 0.0515625
5 0.5359375 0.484375 0.296875 0.315625
5 0.5125 0.4984375 0.85625 0.3796875