16 0.6046875 0.4640625 0.1515625 0.2078125
14 0.21875 0.66875 0.0390625 0.0375
14 0.3078125 0.6640625 0.1765625 0.1015625
14 0.378125 0.74375 0.0859375 0.084375
15 0.3375 0.690625 0.1140625 0.090625
15 0.61875 0.2984375 0.1453125 0.1109375
12 0.2671875 0.5578125 0.2203125 0.1859375
12 0.2140625 0.7375 0.178125 0.2359375
12 0.775 0.315625 0.1703125 0.25
12 0.7578125 0.4703125 0.134375 0.1203125
5 0.696875 0.3328125 0.071875 0.06875
5 0.5 0.571875 0.11875 0.0875
5 0.4625 0.51875 0.265625 0.2984375
5 0.4953125 0.521875 0.7390625 0.6703125