14 0.78125 0.475 0.046875 0.0515625
15 0.659375 0.4703125 0.153125 0.0328125
15 0.6859375 0.4296875 0.2328125 0.03125
15 0.2359375 0.64375 0.1421875 0.0296875
15 0.190625 0.5328125 0.0203125 0.1875
12 0.253125 0.409375 0.146875 0.0609375
12 0.653125 0.384375 0.30625 0.075
12 0.7921875 0.5765625 0.028125 0.0703125
5 0.5953125 0.65625 0.1375 0.10625
5 0.7703125 0.6515625 0.0671875 0.053125
5 0.5421875 0.5390625 0.059375 0.1140625
5 0.4625 0.5234375 0.109375 0.3171875
5 0.4765625 0.525 0.728125 0.365625