14 0.39375 0.1953125 0.0390625 0.0421875
15 0.40625 0.303125 0.0453125 0.1390625
15 0.365625 0.28125 0.0546875 0.2046875
15 0.6453125 0.7046875 0.034375 0.1390625
15 0.546875 0.7703125 0.1734375 0.040625
12 0.4796875 0.1734375 0.071875 0.034375
12 0.3375 0.3328125 0.0890625 0.3109375
12 0.421875 0.7359375 0.0625 0.14375
5 0.55625 0.1796875 0.05 0.0671875
5 0.5796875 0.340625 0.0921875 0.1359375
5 0.48125 0.4109375 0.1078125 0.0828125
5 0.484375 0.4953125 0.2890625 0.1375
5 0.4828125 0.4921875 0.4140625 0.740625