16 0.5234375 0.384375 0.3421875 0.034375
14 0.4875 0.8640625 0.0421875 0.0390625
14 0.5375 0.7765625 0.078125 0.2109375
14 0.6578125 0.771875 0.0921875 0.0890625
15 0.5921875 0.7765625 0.0453125 0.159375
15 0.40625 0.2640625 0.065625 0.1609375
12 0.665625 0.25625 0.0609375 0.175
12 0.53125 0.1515625 0.3546875 0.046875
12 0.4171875 0.7390625 0.0796875 0.2859375
12 0.55 0.890625 0.359375 0.028125
5 0.496875 0.221875 0.0828125 0.0765625
5 0.5640625 0.546875 0.0515625 0.1625
5 0.53125 0.5421875 0.2921875 0.275
5 0.5390625 0.5171875 0.384375 0.7796875