16 0.3921875 0.475 0.0234375 0.2734375
14 0.8109375 0.55 0.040625 0.040625
14 0.7359375 0.503125 0.196875 0.0671875
14 0.734375 0.3953125 0.0765625 0.0859375
15 0.7328125 0.4546875 0.1375 0.034375
15 0.259375 0.6171875 0.1734375 0.059375
11 0.6984375 0.6109375 0.28125 0.06875
11 0.8453125 0.496875 0.0265625 0.3296875
11 0.1421875 0.4984375 0.0453125 0.34375
11 0.246875 0.371875 0.1796875 0.059375
4 0.2140625 0.54375 0.0703125 0.0703125
4 0.5265625 0.48125 0.184375 0.2421875
4 0.4921875 0.4984375 0.740625 0.35