16 0.49375 0.6125 0.471875 0.0359375
14 0.43125 0.0859375 0.059375 0.0578125
15 0.4109375 0.2203125 0.034375 0.209375
15 0.3671875 0.2078125 0.0484375 0.303125
15 0.6828125 0.8046875 0.040625 0.2125
15 0.53125 0.8859375 0.2625 0.0328125
10 0.31875 0.246875 0.0421875 0.3890625
10 0.3484375 0.8078125 0.0796875 0.21875
10 0.565625 0.06875 0.0984375 0.04375
3 0.590625 0.25 0.0546875 0.1125
3 0.6765625 0.1 0.0765625 0.10625
3 0.6578125 0.340625 0.14375 0.2515625
3 0.4796875 0.39375 0.19375 0.153125
3 0.4671875 0.503125 0.4171875 0.1375
3 0.4984375 0.49375 0.4796875 0.9734375