5 0.4796875 0.5078125 0.6828125 0.3578125
14 0.2046875 0.5765625 0.040625 0.040625
15 0.3109375 0.571875 0.13125 0.0375
15 0.2921875 0.6078125 0.215625 0.04375
15 0.6984375 0.3640625 0.125 0.0234375
15 0.753125 0.459375 0.0203125 0.1609375
12 0.33125 0.6421875 0.2953125 0.0875
12 0.1875 0.4921875 0.034375 0.06875
12 0.7109375 0.5734375 0.1359375 0.059375
5 0.1953125 0.4234375 0.0625 0.05
5 0.3515625 0.409375 0.1296875 0.0875
5 0.4140625 0.503125 0.0796875 0.0921875
5 0.4984375 0.5046875 0.1203125 0.2796875