16 0.5390625 0.3875 0.271875 0.025
14 0.4734375 0.7796875 0.0359375 0.0390625
14 0.51875 0.7140625 0.059375 0.16875
14 0.6140625 0.7109375 0.071875 0.071875
15 0.5625 0.7078125 0.028125 0.1203125
15 0.4484375 0.29375 0.0515625 0.1296875
12 0.425 0.675 0.0546875 0.2484375
12 0.5171875 0.815625 0.2953125 0.034375
12 0.646875 0.290625 0.046875 0.134375
12 0.5453125 0.2046875 0.271875 0.0375
5 0.515625 0.2640625 0.06875 0.0625
5 0.559375 0.5234375 0.0421875 0.13125
5 0.540625 0.5140625 0.2296875 0.23125
5 0.525 0.509375 0.3125 0.65