16 0.4765625 0.6265625 0.34375 0.025
14 0.5265625 0.190625 0.0390625 0.0453125
14 0.4765625 0.265625 0.059375 0.1921875
14 0.371875 0.275 0.078125 0.078125
15 0.4296875 0.2734375 0.0375 0.1375
15 0.596875 0.734375 0.0515625 0.1640625
12 0.5875 0.29375 0.0640625 0.25625
12 0.3515625 0.7421875 0.0609375 0.159375
12 0.4765625 0.15625 0.3265625 0.0359375
12 0.484375 0.8484375 0.325 0.0453125
5 0.43125 0.475 0.0453125 0.146875
5 0.4640625 0.4890625 0.2875 0.234375
5 0.4703125 0.5046875 0.35625 0.7359375
5 0.5109375 0.775 0.08125 0.0703125