14 0.8203125 0.4015625 0.0359375 0.04375
15 0.709375 0.3984375 0.146875 0.0375
15 0.7265625 0.3609375 0.2234375 0.034375
12 0.840625 0.5015625 0.0296875 0.0796875
15 0.2265625 0.646875 0.18125 0.034375
15 0.1609375 0.5203125 0.0359375 0.21875
12 0.2265625 0.371875 0.178125 0.0671875
12 0.6765625 0.3203125 0.321875 0.084375
5 0.834375 0.5796875 0.06875 0.0609375
5 0.6609375 0.59375 0.159375 0.1046875
5 0.5890625 0.475 0.0890625 0.125
5 0.4984375 0.475 0.1625 0.34375
5 0.48125 0.4859375 0.81875 0.4203125