16 0.5390625 0.421875 0.371875 0.03125
14 0.46875 0.7859375 0.046875 0.0484375
14 0.528125 0.696875 0.0671875 0.2140625
14 0.6546875 0.7 0.0921875 0.103125
15 0.5828125 0.6953125 0.0359375 0.15625
15 0.4140625 0.30625 0.071875 0.1828125
7 0.39375 0.7171875 0.0703125 0.19375
7 0.5296875 0.83125 0.3921875 0.04375
7 0.6765625 0.303125 0.059375 0.146875
7 0.546875 0.19375 0.3625 0.04375
0 0.490625 0.2734375 0.0625 0.0859375
0 0.5328125 0.503125 0.353125 0.1796875
0 0.5328125 0.5125 0.403125 0.6921875