16 0.38125 0.4703125 0.0859375 0.265625
14 0.8 0.6421875 0.0390625 0.0421875
14 0.7390625 0.5765625 0.184375 0.1046875
14 0.75625 0.4703125 0.0765625 0.0875
15 0.740625 0.528125 0.13125 0.0578125
15 0.2453125 0.565625 0.146875 0.0875
12 0.6734375 0.68125 0.2734375 0.0953125
12 0.1546875 0.43125 0.0921875 0.3
12 0.296875 0.3390625 0.15625 0.0796875
12 0.85625 0.60625 0.0625 0.3109375
5 0.225 0.478125 0.078125 0.0765625
5 0.5375 0.4859375 0.1515625 0.06875
5 0.50625 0.525 0.2546875 0.284375
5 0.4984375 0.521875 0.78125 0.4875