14 0.1296875 0.5578125 0.0640625 0.06875
15 0.275 0.5671875 0.2140625 0.05
15 0.2609375 0.6234375 0.3375 0.0515625
15 0.7703125 0.26875 0.2140625 0.0359375
15 0.8640625 0.4359375 0.0390625 0.2859375
7 0.7921875 0.6265625 0.2109375 0.090625
7 0.11875 0.4015625 0.0453125 0.0875
7 0.259375 0.6859375 0.325 0.084375
0 0.5953125 0.3453125 0.109375 0.25
0 0.3203125 0.2796875 0.1796875 0.1046875
0 0.1390625 0.3015625 0.10625 0.0796875
0 0.4859375 0.4875 0.325 0.4578125
0 0.50625 0.4796875 0.921875 0.5171875