14 0.496875 0.2046875 0.034375 0.0359375
15 0.484375 0.2875 0.021875 0.128125
15 0.453125 0.278125 0.0265625 0.184375
15 0.6671875 0.759375 0.01875 0.1578125
15 0.553125 0.815625 0.1953125 0.0234375
13 0.5734375 0.1953125 0.0796875 0.03125
13 0.4109375 0.2984375 0.0515625 0.23125
13 0.425 0.7421875 0.0484375 0.1765625
6 0.553125 0.3203125 0.1125 0.2109375
6 0.646875 0.2078125 0.0484375 0.059375
6 0.653125 0.359375 0.075 0.1671875
6 0.5234375 0.5234375 0.2765625 0.3015625
6 0.5328125 0.51875 0.3359375 0.7125