14 0.8046875 0.375 0.03125 0.0375
15 0.7109375 0.3796875 0.121875 0.0359375
15 0.7296875 0.3453125 0.1796875 0.0421875
15 0.2875 0.4890625 0.021875 0.165625
15 0.340625 0.584375 0.1296875 0.0296875
12 0.3328125 0.378125 0.134375 0.0453125
12 0.81875 0.4578125 0.0265625 0.065625
12 0.6875 0.3140625 0.2640625 0.0890625
5 0.8109375 0.5234375 0.0515625 0.0484375
5 0.6765625 0.54375 0.128125 0.084375
5 0.615625 0.4484375 0.0734375 0.1015625
5 0.5453125 0.4515625 0.121875 0.2609375
5 0.5359375 0.44375 0.6203125 0.35