14 0.446875 0.1421875 0.0453125 0.0546875
15 0.4375 0.265625 0.0265625 0.1640625
15 0.4015625 0.2375 0.0375 0.246875
12 0.553125 0.134375 0.0828125 0.0375
12 0.3421875 0.2859375 0.078125 0.3453125
12 0.378125 0.75625 0.0578125 0.171875
15 0.6453125 0.75625 0.021875 0.1578125
15 0.51875 0.815625 0.2046875 0.028125
5 0.6328125 0.1578125 0.05625 0.075
5 0.6234375 0.3390625 0.1125 0.1421875
5 0.5015625 0.3984375 0.125 0.0921875
5 0.4921875 0.4921875 0.3546875 0.1578125
5 0.4984375 0.4875 0.3875 0.821875