16 0.6171875 0.4203125 0.0390625 0.2984375
14 0.2453125 0.40625 0.0359375 0.0390625
14 0.3140625 0.44375 0.1765625 0.053125
14 0.3234375 0.5375 0.0703125 0.0703125
15 0.3203125 0.484375 0.121875 0.03125
15 0.7015625 0.3140625 0.1296875 0.0515625
12 0.3375 0.35 0.215625 0.06875
12 0.2203125 0.4546875 0.034375 0.278125
12 0.79375 0.4140625 0.0453125 0.284375
12 0.7234375 0.5265625 0.134375 0.046875
5 0.7390625 0.384375 0.0609375 0.0671875
5 0.49375 0.459375 0.121875 0.0390625
5 0.49375 0.43125 0.2046875 0.2546875
5 0.5109375 0.4328125 0.6171875 0.3265625