16 0.4171875 0.4921875 0.034375 0.3625
14 0.8953125 0.478125 0.0453125 0.053125
14 0.83125 0.44375 0.165625 0.0609375
14 0.8125 0.3203125 0.103125 0.1046875
15 0.8265625 0.3890625 0.1234375 0.05
15 0.309375 0.625 0.175 0.0671875
13 0.8140625 0.5609375 0.2578125 0.109375
13 0.3046875 0.365625 0.1859375 0.0625
13 0.2 0.5015625 0.040625 0.34375
13 0.915625 0.4140625 0.0859375 0.3328125
6 0.265625 0.5453125 0.09375 0.084375
6 0.6078125 0.484375 0.3328125 0.3015625
6 0.5734375 0.465625 0.7859375 0.4375