16 0.4640625 0.609375 0.4921875 0.0453125
14 0.565625 0.1546875 0.059375 0.0609375
14 0.4921875 0.2453125 0.0890625 0.253125
14 0.3359375 0.246875 0.121875 0.0984375
15 0.4203125 0.2453125 0.059375 0.171875
15 0.628125 0.7734375 0.084375 0.2703125
7 0.6515625 0.225 0.078125 0.2109375
7 0.271875 0.7703125 0.078125 0.1859375
7 0.44375 0.934375 0.5 0.075
7 0.4890625 0.1015625 0.4703125 0.0484375
0 0.46875 0.4875 0.4421875 0.2390625
0 0.525 0.81875 0.0953125 0.11875
0 0.4578125 0.5234375 0.540625 0.9015625