16 0.46875 0.4703125 0.075 0.2828125
14 0.9375 0.4921875 0.0421875 0.0453125
14 0.840625 0.45 0.2203125 0.075
14 0.815625 0.3375 0.0875 0.0828125
15 0.8328125 0.4015625 0.1484375 0.0453125
15 0.346875 0.6765625 0.209375 0.0875
11 0.8421875 0.5828125 0.303125 0.1109375
11 0.2828125 0.3875 0.2046875 0.0875
11 0.95625 0.396875 0.078125 0.259375
11 0.1828125 0.5625 0.103125 0.4203125
4 0.2796875 0.5921875 0.0890625 0.0765625
4 0.6203125 0.4625 0.221875 0.2703125
4 0.565625 0.51875 0.8671875 0.5109375