16 0.3453125 0.5265625 0.021875 0.39375
14 0.9109375 0.590625 0.04375 0.0546875
14 0.8515625 0.53125 0.175 0.078125
14 0.8484375 0.3984375 0.0828125 0.1015625
15 0.8515625 0.475 0.1296875 0.04375
15 0.2125 0.6734375 0.2109375 0.0703125
13 0.0703125 0.5328125 0.05 0.4078125
13 0.209375 0.38125 0.2234375 0.0609375
13 0.80625 0.6703125 0.2671875 0.0828125
13 0.9578125 0.528125 0.0359375 0.3984375
6 0.159375 0.5890625 0.096875 0.090625
6 0.578125 0.5296875 0.4 0.3328125
6 0.5125 0.528125 0.9328125 0.428125