16 0.565625 0.4265625 0.240625 0.0546875
14 0.53125 0.8390625 0.040625 0.0453125
14 0.56875 0.75625 0.05625 0.2
14 0.678125 0.7375 0.084375 0.0828125
15 0.6171875 0.7484375 0.0421875 0.140625
15 0.403125 0.3234375 0.065625 0.16875
11 0.4484375 0.7421875 0.0953125 0.265625
11 0.628125 0.859375 0.24375 0.0296875
11 0.6328125 0.2765625 0.0703125 0.1625
11 0.496875 0.196875 0.3171875 0.071875
4 0.46875 0.26875 0.0640625 0.071875
4 0.5796875 0.55625 0.24375 0.2
4 0.5421875 0.5171875 0.41875 0.7140625