16 0.6078125 0.4953125 0.028125 0.3484375
14 0.1140625 0.4265625 0.0421875 0.0515625
14 0.16875 0.4765625 0.165625 0.065625
14 0.1578125 0.5890625 0.0890625 0.09375
15 0.165625 0.525 0.121875 0.0328125
15 0.7265625 0.378125 0.18125 0.0625
13 0.215625 0.365625 0.240625 0.0640625
13 0.7203125 0.63125 0.1984375 0.0515625
13 0.0703125 0.484375 0.046875 0.334375
13 0.8453125 0.5 0.0375 0.3453125
6 0.7625 0.45625 0.09375 0.075
6 0.41875 0.4859375 0.334375 0.2890625
6 0.4546875 0.4890625 0.821875 0.3703125