16 0.6234375 0.4875 0.034375 0.334375
14 0.0828125 0.3703125 0.053125 0.0515625
14 0.1765625 0.4375 0.2484375 0.0828125
14 0.175 0.5765625 0.10625 0.1140625
15 0.178125 0.496875 0.1828125 0.0421875
15 0.7921875 0.296875 0.228125 0.078125
11 0.2234375 0.2921875 0.35 0.0828125
11 0.809375 0.6140625 0.2296875 0.0703125
11 0.0390625 0.4390625 0.03125 0.4421875
11 0.9421875 0.45 0.0484375 0.45
4 0.85 0.390625 0.0921875 0.0859375
4 0.45 0.4671875 0.2453125 0.3203125
4 0.49375 0.446875 0.946875 0.465625