16 0.621875 0.5 0.025 0.3765625
14 0.084375 0.459375 0.0359375 0.0546875
14 0.1515625 0.5125 0.1703125 0.0703125
14 0.1484375 0.6328125 0.0953125 0.1
15 0.1484375 0.5609375 0.13125 0.034375
15 0.7484375 0.3703125 0.2015625 0.065625
13 0.7546875 0.6421875 0.2109375 0.053125
13 0.19375 0.3828125 0.259375 0.0734375
13 0.0515625 0.51875 0.0296875 0.3703125
13 0.8890625 0.49375 0.0296875 0.375
6 0.7921875 0.453125 0.103125 0.0859375
6 0.415625 0.50625 0.3609375 0.296875
6 0.471875 0.50625 0.8734375 0.403125