16 0.53125 0.334375 0.4546875 0.0328125
14 0.4703125 0.91875 0.05625 0.0546875
14 0.53125 0.815625 0.08125 0.259375
14 0.6796875 0.796875 0.1078125 0.1015625
15 0.5984375 0.8 0.0484375 0.1765625
15 0.378125 0.1875 0.078125 0.221875
12 0.384375 0.7671875 0.0890625 0.359375
12 0.709375 0.175 0.075 0.2234375
12 0.5390625 0.0328125 0.465625 0.0640625
12 0.5390625 0.9625 0.440625 0.059375
5 0.490625 0.1328125 0.1046875 0.10625
5 0.5796875 0.5328125 0.0609375 0.1921875
5 0.5375 0.5203125 0.390625 0.325
5 0.5359375 0.496875 0.478125 0.99375