16 0.3265625 0.55 0.0265625 0.39375
14 0.93125 0.6234375 0.040625 0.05625
14 0.8625 0.5734375 0.2015625 0.09375
14 0.8703125 0.425 0.115625 0.1171875
15 0.8703125 0.5078125 0.1515625 0.04375
15 0.1859375 0.7234375 0.2234375 0.078125
13 0.9828125 0.5453125 0.034375 0.4109375
13 0.80625 0.7046875 0.29375 0.090625
13 0.1796875 0.409375 0.2296875 0.0609375
13 0.04375 0.575 0.0484375 0.421875
6 0.1390625 0.628125 0.1140625 0.090625
6 0.565625 0.565625 0.396875 0.334375
6 0.509375 0.5640625 0.98125 0.4546875