5 0.86328125 0.9716799999999999 0.859375 0.9677737499999999 0.861328125 0.9638674999999999 0.859375 0.9599612499999999 0.859375 0.9423831249999999 0.86328125 0.9404299999999999 0.86328125 0.9150393749999999 0.859375 0.8994143749999999 0.857421875 0.8623049999999999 0.8515625 0.8447268749999999 0.8515625 0.8251956249999999 0.84765625 0.8154299999999999 0.84765625 0.8017581249999999 0.84375 0.7919925 0.84375 0.73339875 0.849609375 0.723633125 0.8515625 0.70996125 0.859375 0.68652375 0.859375 0.67089875 0.865234375 0.653320625 0.8671875 0.62402375 0.87109375 0.618164375 0.873046875 0.60839875 0.87109375 0.6044925 0.87109375 0.594726875 0.873046875 0.59277375 0.873046875 0.583008125 0.87109375 0.581055 0.873046875 0.57714875 0.87109375 0.489258125 0.8671875 0.473633125 0.8671875 0.45214875 0.865234375 0.450195625 0.86328125 0.407226875 0.861328125 0.40527375 0.86328125 0.4013675 0.859375 0.38964875 0.859375 0.364258125 0.85546875 0.356445625 0.857421875 0.35058625 0.85546875 0.21972687500000002 0.857421875 0.21777375000000002 0.857421875 0.19824250000000002 0.859375 0.19628937500000002 0.857421875 0.19043000000000002 0.859375 0.18652375000000002 0.859375 0.0107425 0.8544924999999999 0.005859375 0.78027375 0.005859375 0.778320625 0.00390625 0.768555 0.005859375 0.73339875 0.005859375 0.731445625 0.00390625 0.72168 0.005859375 0.715820625 0.00390625 0.706055 0.005859375 0.700195625 0.00390625 0.69043 0.005859375 0.68652375 0.00390625 0.680664375 0.005859375 0.581055 0.005859375 0.579101875 0.0078125 0.49902375 0.0078125 0.497070625 0.009765625 0.473633125 0.009765625 0.47168 0.01171875 0.383789375 0.013671875 0.38183625 0.015625 0.37793 0.013671875 0.3701175 0.015625 0.268555 0.015625 0.266601875 0.017578125 0.22558625000000002 0.01953125 0.22363312500000002 0.021484375 0.14941437500000002 0.0234375 0.13769562500000002 0.02734375 0.1328125 0.03418 0.1328125 0.13183625000000002 0.134765625 0.13378937500000002 0.134765625 0.15722687500000002 0.13671875 0.15918000000000002 0.134765625 0.16113312500000002 0.138671875 0.17480500000000002 0.140625 0.25683625 0.142578125 0.258789375 0.142578125 0.282226875 0.14453125 0.28418 0.142578125 0.286133125 0.14453125 0.290039375 0.142578125 0.293945625 0.14453125 0.29589875 0.14453125 0.34668 0.142578125 0.348633125 0.142578125 0.37402375 0.140625 0.375976875 0.140625 0.418945625 0.138671875 0.42089875 0.138671875 0.44043 0.13671875 0.442383125 0.138671875 0.446289375 0.13671875 0.4482425 0.13671875 0.516601875 0.138671875 0.518555 0.138671875 0.551758125 0.140625 0.55371125 0.138671875 0.56933625 0.140625 0.571289375 0.140625 0.643555 0.142578125 0.645508125 0.140625 0.649414375 0.140625 0.67089875 0.142578125 0.672851875 0.142578125 0.69433625 0.1484375 0.71777375 0.1484375 0.73339875 0.154296875 0.750976875 0.15625 0.7763675 0.158203125 0.778320625 0.158203125 0.8037112499999999 0.16015625 0.8056643749999999 0.158203125 0.8193362499999999 0.162109375 0.8369143749999999 0.1640625 0.9150393749999999 0.166015625 0.9169924999999999 0.166015625 0.9423831249999999 0.16796875 0.9443362499999999 0.16796875 0.9619143749999999 0.169921875 0.9638674999999999 0.169921875 0.9990237499999999 0.625976875 0.999375 0.629883125 0.99609375 0.63183625 0.999375 0.641601875 0.999375 0.64746125 0.98828125 0.6484375 0.9970706249999999 0.6513675 0.999375 0.65918 0.998046875 0.661133125 0.999375 0.750976875 0.999375 0.75293 0.998046875 0.75683625 0.999375 0.75683625 0.98828125 0.76171875 0.9892581249999999 0.7607425 0.999375 0.869140625 0.9990237499999999 0.87109375 0.9931643749999999 0.8671875 0.9794924999999999 0.859375 0.9755862499999999 0.86328125 0.9716799999999999
14 0.3875 0.128125 0.0859375 0.09375
15 0.384375 0.3671875 0.0671875 0.3078125
15 0.2953125 0.3078125 0.0703125 0.45625
12 0.2046875 0.4125 0.13125 0.6671875
12 0.5921875 0.096875 0.1625 0.0671875
5 0.7578125 0.13125 0.109375 0.153125
5 0.7671875 0.4921875 0.2109375 0.2875
5 0.5234375 0.6203125 0.2625 0.159375
5 0.5078125 0.8109375 0.68125 0.2296875
5 0.503125 0.5 0.74375 1