14 0.390625 0.3265625 0.0359375 0.0359375
14 0.3359375 0.45625 0.071875 0.0765625
15 0.38125 0.4171875 0.0859375 0.08125
15 0.7078125 0.546875 0.06875 0.071875
15 0.7625 0.6078125 0.0765625 0.0796875
10 0.4375 0.303125 0.0703125 0.071875
10 0.5140625 0.3625 0.1046875 0.0859375
10 0.603125 0.75 0.121875 0.13125
10 0.7390625 0.771875 0.146875 0.1625
10 0.303125 0.35625 0.134375 0.1203125
3 0.7296875 0.6578125 0.0640625 0.0703125
3 0.5265625 0.5046875 0.215625 0.2171875
3 0.5421875 0.553125 0.625 0.6203125