16 0.4328125 0.515625 0.0890625 0.28125
14 0.8984375 0.709375 0.05 0.0515625
14 0.81875 0.6296875 0.234375 0.1203125
14 0.8375 0.5078125 0.096875 0.1046875
15 0.821875 0.578125 0.1640625 0.06875
15 0.246875 0.6453125 0.1984375 0.1015625
11 0.1234375 0.4859375 0.0953125 0.3875
11 0.959375 0.6625 0.0578125 0.38125
11 0.29375 0.3671875 0.2015625 0.096875
4 0.7546875 0.771875 0.3359375 0.1
4 0.215625 0.5515625 0.084375 0.084375
4 0.58125 0.55625 0.20625 0.2953125
4 0.5328125 0.578125 0.9125 0.5703125