14 0.296875 0.3515625 0.03125 0.0296875
15 0.3453125 0.4140625 0.084375 0.0875
15 0.3171875 0.41875 0.1203125 0.1234375
15 0.71875 0.5921875 0.0921875 0.0984375
15 0.6890625 0.6921875 0.115625 0.1109375
13 0.3109375 0.4578125 0.1484375 0.165625
13 0.5734375 0.721875 0.1140625 0.125
13 0.34375 0.3 0.0625 0.05625
6 0.39375 0.2609375 0.05625 0.0484375
6 0.4921875 0.35625 0.090625 0.1390625
6 0.4046875 0.36875 0.1609375 0.14375
6 0.4890625 0.5421875 0.2671875 0.25
6 0.509375 0.5234375 0.6015625 0.6296875