16 0.3890625 0.5265625 0.025 0.3421875
14 0.871875 0.58125 0.0453125 0.0515625
14 0.8140625 0.5328125 0.1515625 0.0625
14 0.8203125 0.4234375 0.09375 0.0921875
15 0.8171875 0.4828125 0.1296875 0.040625
15 0.2765625 0.65 0.1765625 0.0546875
13 0.2671875 0.396875 0.2 0.0625
13 0.9125 0.5296875 0.046875 0.33125
13 0.1546875 0.521875 0.0453125 0.3421875
13 0.76875 0.6484375 0.2671875 0.0703125
6 0.2359375 0.575 0.096875 0.0765625
6 0.5796875 0.5203125 0.334375 0.2765625
6 0.5359375 0.5234375 0.8 0.35