14 0.1046875 0.5171875 0.0546875 0.05625
15 0.25 0.5296875 0.1921875 0.0359375
15 0.2078125 0.5765625 0.2859375 0.0390625
15 0.7953125 0.2859375 0.190625 0.0265625
15 0.86875 0.434375 0.021875 0.2359375
11 0.7953125 0.590625 0.2078125 0.06875
11 0.0953125 0.390625 0.0375 0.103125
11 0.271875 0.6296875 0.4078125 0.0734375
4 0.259375 0.4703125 0.1421875 0.0640625
4 0.359375 0.309375 0.203125 0.121875
4 0.125 0.3015625 0.096875 0.0625
4 0.4 0.396875 0.284375 0.209375
4 0.4953125 0.4609375 0.925 0.4375