16 0.3859375 0.490625 0.0203125 0.4921875
14 0.9234375 0.4359375 0.0671875 0.071875
15 0.1046875 0.5328125 0.0359375 0.2765625
15 0.1859375 0.696875 0.253125 0.03125
15 0.803125 0.3625 0.321875 0.0640625
15 0.7890625 0.4015625 0.2171875 0.053125
10 0.953125 0.56875 0.05 0.1125
10 0.1984375 0.3484375 0.2203125 0.090625
10 0.7609375 0.3234375 0.3859375 0.0640625
3 0.6125 0.4890625 0.15 0.203125
3 0.7625 0.59375 0.115625 0.0625
3 0.6671875 0.6703125 0.278125 0.15625
3 0.6671875 0.2890625 0.24375 0.075
3 0.925 0.6875 0.11875 0.090625
3 0.4984375 0.5 0.9953125 0.5234375
3 0.509375 0.475 0.15 0.434375