16 0.4015625 0.671875 0.3203125 0.028125
14 0.509375 0.1609375 0.0515625 0.0578125
14 0.4484375 0.2515625 0.084375 0.2484375
14 0.30625 0.25625 0.1125 0.1046875
15 0.3859375 0.25625 0.040625 0.178125
15 0.5953125 0.8234375 0.078125 0.209375
11 0.284375 0.85 0.0734375 0.2171875
11 0.4515625 0.971875 0.4625 0.0546875
11 0.44375 0.115625 0.434375 0.0390625
11 0.5859375 0.296875 0.0734375 0.340625
4 0.4203125 0.50625 0.3046875 0.2265625
4 0.5078125 0.88125 0.0765625 0.0921875
4 0.45 0.546875 0.4640625 0.9046875