16 0.4828125 0.6703125 0.375 0.05
14 0.5859375 0.184375 0.0453125 0.046875
14 0.5203125 0.265625 0.08125 0.2109375
14 0.4 0.2546875 0.096875 0.0828125
15 0.465625 0.2640625 0.0421875 0.146875
15 0.603125 0.81875 0.0734375 0.1953125
12 0.6453125 0.3109375 0.0671875 0.296875
12 0.3203125 0.8109375 0.071875 0.203125
12 0.4578125 0.95625 0.3984375 0.0640625
12 0.534375 0.1328125 0.3640625 0.05625
5 0.45625 0.4953125 0.059375 0.1703125
5 0.490625 0.5171875 0.328125 0.2921875
5 0.4890625 0.5453125 0.4578125 0.884375