16 0.43125 0.609375 0.5328125 0.0171875
14 0.509375 0.06875 0.059375 0.0703125
14 0.4359375 0.1921875 0.1 0.3109375
14 0.26875 0.1953125 0.134375 0.121875
15 0.3609375 0.19375 0.05 0.2203125
15 0.621875 0.7671875 0.084375 0.278125
7 0.6109375 0.159375 0.0953125 0.2625
7 0.428125 0.015625 0.515625 0.03125
7 0.2421875 0.7890625 0.0828125 0.1953125
7 0.4390625 0.946875 0.51875 0.071875
0 0.515625 0.83125 0.0890625 0.1234375
0 0.4328125 0.475 0.4734375 0.2640625
0 0.4328125 0.4921875 0.540625 0.984375