16 0.575 0.6234375 0.1734375 0.16875
14 0.4359375 0.30625 0.0375 0.04375
14 0.4390625 0.3953125 0.1078125 0.1859375
14 0.365625 0.4640625 0.084375 0.0859375
15 0.415625 0.421875 0.0921875 0.1125
15 0.7625 0.6046875 0.121875 0.1390625
11 0.54375 0.3359375 0.1875 0.2171875
11 0.38125 0.3015625 0.2265625 0.2125
11 0.61875 0.7828125 0.1375 0.1328125
11 0.7578125 0.7625 0.21875 0.2234375
4 0.7515625 0.6796875 0.0609375 0.071875
4 0.5265625 0.5375 0.165625 0.2015625
4 0.56875 0.5328125 0.60625 0.6828125