16 0.521875 0.359375 0.3390625 0.025
12 0.4609375 0.8546875 0.0421875 0.046875
12 0.5125 0.775 0.0703125 0.2078125
12 0.63125 0.7625 0.090625 0.0828125
15 0.565625 0.765625 0.0359375 0.146875
15 0.3890625 0.2390625 0.0625 0.1765625
12 0.515625 0.8875 0.3515625 0.0328125
12 0.3953125 0.728125 0.0640625 0.2890625
12 0.653125 0.221875 0.053125 0.190625
12 0.5125 0.1125 0.365625 0.046875
5 0.4765625 0.1890625 0.084375 0.084375
5 0.5484375 0.5328125 0.0546875 0.184375
5 0.5203125 0.521875 0.3 0.2890625
5 0.5140625 0.496875 0.365625 0.8171875