14 0.6046875 0.2796875 0.0359375 0.03125
10 0.6734375 0.3015625 0.0546875 0.0390625
10 0.5125 0.3359375 0.1109375 0.1921875
10 0.38125 0.63125 0.0875 0.121875
15 0.459375 0.715625 0.146875 0.08125
15 0.5609375 0.3421875 0.0609375 0.1078125
15 0.54375 0.325 0.0890625 0.153125
15 0.5640625 0.7171875 0.065625 0.11875
3 0.653125 0.396875 0.04375 0.059375
3 0.728125 0.3375 0.0453125 0.0671875
3 0.559375 0.434375 0.1140625 0.0609375
3 0.675 0.4703125 0.103125 0.140625
3 0.478125 0.3703125 0.090625 0.1109375
3 0.528125 0.484375 0.2078125 0.1671875
3 0.534375 0.5171875 0.4828125 0.6203125