14 0.740625 0.33125 0.03125 0.0296875
15 0.659375 0.3765625 0.1046875 0.0765625
15 0.6640625 0.340625 0.1453125 0.10625
15 0.33125 0.6578125 0.0890625 0.14375
15 0.421875 0.715625 0.1109375 0.0765625
12 0.31875 0.540625 0.1234375 0.09375
12 0.615625 0.34375 0.2234375 0.146875
12 0.7921875 0.390625 0.05 0.053125
5 0.81875 0.4453125 0.0609375 0.059375
5 0.70625 0.5359375 0.1171875 0.0984375
5 0.609375 0.475 0.0828125 0.0828125
5 0.5453125 0.503125 0.1640625 0.2453125
5 0.5359375 0.515625 0.675 0.5640625