16 0.4734375 0.678125 0.2296875 0.0734375
15 0.6171875 0.75625 0.0640625 0.15
14 0.4453125 0.259375 0.0359375 0.040625
14 0.41875 0.3375 0.0625 0.184375
14 0.3171875 0.365625 0.0828125 0.0765625
15 0.371875 0.35 0.05625 0.1296875
12 0.51875 0.3515625 0.0984375 0.2515625
12 0.4015625 0.8171875 0.075 0.15
12 0.3859375 0.2234375 0.3 0.059375
12 0.5359375 0.8921875 0.29375 0.0703125
5 0.546875 0.8109375 0.0703125 0.075
5 0.4234375 0.546875 0.053125 0.1453125
5 0.4609375 0.5234375 0.271875 0.2359375
5 0.4609375 0.5609375 0.4484375 0.7375