16 0.5453125 0.3953125 0.259375 0.1765625
14 0.28125 0.7359375 0.040625 0.0390625
14 0.353125 0.70625 0.140625 0.1375
14 0.453125 0.7484375 0.0859375 0.08125
15 0.3984375 0.715625 0.0890625 0.11875
15 0.51875 0.2484375 0.1140625 0.140625
12 0.28125 0.6125 0.1609375 0.2375
12 0.7125 0.35625 0.1125 0.1546875
12 0.7125 0.221875 0.1484375 0.11875
12 0.33125 0.8171875 0.1984375 0.121875
5 0.6 0.25 0.0734375 0.0734375
5 0.5015625 0.5484375 0.0859375 0.109375
5 0.4671875 0.496875 0.271875 0.278125
5 0.4796875 0.496875 0.6390625 0.7609375