14 0.7640625 0.371875 0.0375 0.0328125
15 0.6734375 0.3953125 0.1171875 0.0609375
15 0.6828125 0.3625 0.175 0.0765625
15 0.2828125 0.5921875 0.0578125 0.159375
15 0.3578125 0.671875 0.1265625 0.05625
12 0.6375 0.3515625 0.2515625 0.0984375
12 0.8 0.4390625 0.0421875 0.0578125
12 0.3015625 0.4734375 0.1390625 0.0765625
5 0.809375 0.5015625 0.065625 0.0546875
5 0.6796875 0.5578125 0.121875 0.0859375
5 0.5984375 0.4796875 0.0796875 0.0921875
5 0.5265625 0.4984375 0.1328125 0.26875
5 0.525 0.5 0.6859375 0.4671875