16 0.5984375 0.4640625 0.090625 0.28125
14 0.284375 0.5859375 0.04375 0.034375
15 0.68125 0.3203125 0.1375 0.0578125
15 0.3765625 0.578125 0.134375 0.04375
15 0.75 0.403125 0.053125 0.1671875
10 0.4125 0.61875 0.2375 0.0609375
10 0.2515625 0.5171875 0.046875 0.0703125
10 0.728125 0.51875 0.125 0.0765625
3 0.2484375 0.45 0.075 0.059375
3 0.503125 0.496875 0.175 0.24375
3 0.3515625 0.4734375 0.05 0.0453125
3 0.396875 0.4046875 0.1625 0.1078125
3 0.503125 0.4671875 0.65 0.41875
3 0.471875 0.5125 0.1046875 0.10625