14 0.559375 0.8703125 0.0390625 0.0359375
15 0.56875 0.7578125 0.028125 0.1515625
15 0.603125 0.7828125 0.0296875 0.2140625
15 0.4765625 0.234375 0.20625 0.03125
15 0.3546875 0.28125 0.0265625 0.15625
12 0.6546875 0.734375 0.06875 0.3125
12 0.4578125 0.884375 0.0734375 0.025
12 0.6171875 0.2984375 0.0625 0.15625
5 0.3796875 0.8671875 0.053125 0.0640625
5 0.384375 0.6921875 0.1078125 0.14375
5 0.5046875 0.6328125 0.121875 0.078125
5 0.5140625 0.540625 0.36875 0.1296875
5 0.509375 0.5265625 0.38125 0.7828125