16 0.6015625 0.434375 0.0375 0.3109375
14 0.090625 0.3234375 0.059375 0.05625
14 0.184375 0.3796875 0.2484375 0.0875
14 0.18125 0.5203125 0.1109375 0.10625
15 0.1796875 0.4421875 0.184375 0.0375
15 0.7515625 0.26875 0.1890625 0.071875
11 0.2265625 0.24375 0.3390625 0.071875
11 0.0421875 0.3890625 0.040625 0.4234375
11 0.7671875 0.55625 0.2078125 0.0640625
11 0.8859375 0.409375 0.046875 0.39375
4 0.8015625 0.3546875 0.078125 0.0828125
4 0.4453125 0.421875 0.228125 0.2859375
4 0.4640625 0.3921875 0.890625 0.434375