16 0.3671875 0.4359375 0.1921875 0.2859375
14 0.7625 0.75 0.0421875 0.05
14 0.7390625 0.6765625 0.1390625 0.1328125
14 0.8 0.5796875 0.090625 0.090625
15 0.759375 0.640625 0.1015625 0.08125
15 0.209375 0.4765625 0.140625 0.1359375
13 0.640625 0.7671875 0.2359375 0.15625
13 0.340625 0.2671875 0.1609375 0.13125
13 0.1828125 0.315625 0.196875 0.2984375
13 0.834375 0.73125 0.1859375 0.2828125
6 0.221875 0.4 0.08125 0.078125
6 0.534375 0.5421875 0.35625 0.334375
6 0.5046875 0.51875 0.846875 0.7109375