14 0.39375 0.2640625 0.0359375 0.0375
15 0.4171875 0.353125 0.053125 0.1203125
15 0.3796875 0.340625 0.065625 0.1734375
15 0.7046875 0.6859375 0.0546875 0.1421875
15 0.6140625 0.76875 0.1734375 0.0703125
12 0.3671875 0.390625 0.0953125 0.259375
12 0.4671875 0.2296875 0.0609375 0.0359375
12 0.484375 0.7484375 0.0828125 0.1484375
5 0.534375 0.2265625 0.053125 0.0546875
5 0.5859375 0.353125 0.090625 0.1234375
5 0.4984375 0.4328125 0.096875 0.08125
5 0.515625 0.509375 0.2921875 0.140625
5 0.5296875 0.525 0.48125 0.6953125