16 0.5859375 0.678125 0.1609375 0.1796875
14 0.3578125 0.365625 0.0359375 0.0390625
14 0.3671875 0.440625 0.1078125 0.1578125
14 0.3015625 0.5203125 0.0859375 0.08125
15 0.3515625 0.4765625 0.09375 0.0875
15 0.7375 0.65 0.1109375 0.1171875
12 0.6109375 0.815625 0.1171875 0.1109375
12 0.4640625 0.3890625 0.184375 0.178125
12 0.290625 0.36875 0.2203125 0.2234375
12 0.7359375 0.778125 0.190625 0.228125
5 0.725 0.7265625 0.0546875 0.0578125
5 0.48125 0.596875 0.0921875 0.090625
5 0.525 0.5625 0.2484375 0.2484375
5 0.50625 0.5765625 0.6515625 0.6390625