16 0.3984375 0.534375 0.1203125 0.3796875
14 0.79375 0.4328125 0.096875 0.0890625
14 0.8109375 0.553125 0.1765625 0.071875
14 0.8671875 0.609375 0.05 0.05
15 0.2484375 0.628125 0.171875 0.1390625
15 0.7984375 0.4984375 0.1421875 0.046875
13 0.7640625 0.6796875 0.2828125 0.071875
13 0.9109375 0.5546875 0.0546875 0.375
13 0.309375 0.353125 0.1984375 0.121875
13 0.1625 0.4546875 0.1015625 0.3734375
6 0.2296875 0.540625 0.0828125 0.084375
6 0.5609375 0.5546875 0.3171875 0.3046875
6 0.5265625 0.5109375 0.8234375 0.4875