14 0.5390625 0.7796875 0.0359375 0.0390625
15 0.559375 0.6796875 0.0265625 0.134375
15 0.5796875 0.7125 0.025 0.2
15 0.4296875 0.3046875 0.03125 0.1125
15 0.53125 0.2765625 0.1578125 0.0390625
11 0.6171875 0.6734375 0.0421875 0.2796875
11 0.4515625 0.78125 0.06875 0.0328125
11 0.63125 0.3390625 0.0515625 0.11875
4 0.3859375 0.7578125 0.053125 0.0703125
4 0.403125 0.584375 0.0921875 0.134375
4 0.51875 0.6703125 0.046875 0.1
4 0.471875 0.5640625 0.1609375 0.1875
4 0.5125 0.5265625 0.3546875 0.6203125