16 0.53125 0.3796875 0.2703125 0.06875
14 0.58125 0.784375 0.034375 0.0375
14 0.603125 0.7109375 0.0625 0.1875
14 0.703125 0.675 0.078125 0.0796875
15 0.646875 0.6890625 0.0578125 0.121875
15 0.4109375 0.315625 0.0609375 0.1359375
12 0.60625 0.2578125 0.071875 0.1359375
12 0.484375 0.2 0.2796875 0.078125
12 0.5046875 0.6984375 0.103125 0.2453125
12 0.634375 0.8140625 0.290625 0.0734375
5 0.5953125 0.5046875 0.0515625 0.13125
5 0.5578125 0.528125 0.2515625 0.228125
5 0.471875 0.265625 0.0625 0.065625
5 0.5640625 0.50625 0.4390625 0.69375