14 0.0859375 0.628125 0.05625 0.0609375
15 0.228125 0.6484375 0.175 0.040625
15 0.1859375 0.6921875 0.278125 0.0515625
12 0.8453125 0.7 0.2265625 0.096875
12 0.0828125 0.4890625 0.046875 0.103125
12 0.2421875 0.7734375 0.3984375 0.128125
15 0.815625 0.33125 0.1984375 0.040625
15 0.9046875 0.5015625 0.0515625 0.2859375
5 0.1078125 0.390625 0.0953125 0.08125
5 0.2859375 0.3984375 0.1234375 0.1515625
5 0.353125 0.5671875 0.1078125 0.175
5 0.4875 0.5734375 0.215625 0.48125
5 0.5046875 0.5515625 0.9875 0.5703125