16 0.5078125 0.621875 0.35625 0.0234375
14 0.55625 0.109375 0.04375 0.04375
14 0.5078125 0.1671875 0.0671875 0.1765625
14 0.390625 0.1671875 0.09375 0.0953125
15 0.45625 0.16875 0.0296875 0.1328125
15 0.6375 0.7328125 0.053125 0.18125
13 0.6203125 0.2171875 0.059375 0.2671875
13 0.3796875 0.75625 0.0578125 0.2171875
13 0.496875 0.0578125 0.359375 0.046875
13 0.4984375 0.8640625 0.3375 0.075
6 0.5640625 0.778125 0.0734375 0.0984375
6 0.5015625 0.4203125 0.275 0.3359375
6 0.503125 0.4671875 0.3703125 0.8703125