16 0.359375 0.4625 0.0234375 0.3921875
14 0.7734375 0.35 0.09375 0.0953125
14 0.784375 0.4734375 0.2328125 0.0875
14 0.8734375 0.53125 0.0453125 0.0484375
15 0.7765625 0.415625 0.1625 0.040625
15 0.225 0.6 0.1890625 0.0703125
12 0.7484375 0.6 0.3109375 0.06875
12 0.221875 0.3171875 0.1890625 0.0640625
12 0.0953125 0.46875 0.0671875 0.3828125
12 0.9140625 0.475 0.0390625 0.38125
5 0.534375 0.4140625 0.175 0.0640625
5 0.528125 0.4484375 0.3015625 0.340625
5 0.18125 0.5015625 0.0828125 0.096875
5 0.4984375 0.4578125 0.8765625 0.4171875