16 0.559375 0.375 0.2625 0.0203125
14 0.5109375 0.740625 0.0359375 0.0375
14 0.55 0.68125 0.059375 0.1671875
14 0.640625 0.671875 0.06875 0.0703125
15 0.59375 0.6703125 0.028125 0.1140625
15 0.4640625 0.28125 0.0421875 0.128125
12 0.4625 0.646875 0.053125 0.2234375
12 0.6609375 0.2765625 0.046875 0.134375
12 0.55625 0.1953125 0.265625 0.0296875
12 0.553125 0.7703125 0.28125 0.0328125
5 0.5875 0.4984375 0.0390625 0.134375
5 0.5640625 0.4921875 0.234375 0.2125
5 0.5296875 0.246875 0.0625 0.05625
5 0.5546875 0.484375 0.2875 0.6046875