16 0.4546875 0.4765625 0.028125 0.240625
14 0.85 0.5546875 0.040625 0.040625
14 0.778125 0.509375 0.1921875 0.0671875
14 0.7734375 0.409375 0.075 0.078125
15 0.7765625 0.465625 0.13125 0.0296875
15 0.328125 0.6078125 0.1609375 0.05625
11 0.7453125 0.6125 0.2703125 0.053125
11 0.3234375 0.384375 0.1609375 0.053125
11 0.884375 0.5078125 0.028125 0.3109375
11 0.225 0.503125 0.040625 0.3171875
4 0.2890625 0.540625 0.0625 0.0640625
4 0.58125 0.4875 0.1765625 0.2203125
4 0.5515625 0.5046875 0.6953125 0.321875