14 0.740625 0.4859375 0.03125 0.0359375
15 0.65 0.4796875 0.121875 0.025
15 0.66875 0.453125 0.1765625 0.0265625
15 0.23125 0.5296875 0.0140625 0.1625
15 0.2734375 0.6265625 0.134375 0.0203125
12 0.2796875 0.428125 0.128125 0.04375
12 0.6328125 0.4125 0.2578125 0.0546875
12 0.7484375 0.5625 0.0203125 0.0578125
5 0.7328125 0.61875 0.05625 0.04375
5 0.59375 0.6140625 0.1078125 0.0796875
5 0.5484375 0.5265625 0.0640625 0.090625
5 0.484375 0.509375 0.1328125 0.2515625
5 0.4765625 0.515625 0.6140625 0.2765625