16 0.5109375 0.403125 0.3015625 0.090625
14 0.35 0.825 0.0421875 0.0453125
14 0.4171875 0.765625 0.096875 0.1765625
14 0.5203125 0.7828125 0.0859375 0.0765625
15 0.4625 0.765625 0.05625 0.128125
15 0.428125 0.2640625 0.0875 0.159375
12 0.3109375 0.6984375 0.0921875 0.26875
12 0.3859375 0.878125 0.3171875 0.0734375
12 0.6609375 0.309375 0.084375 0.1703125
12 0.5671875 0.1671875 0.3125 0.0859375
5 0.5125 0.2421875 0.0796875 0.0828125
5 0.50625 0.565625 0.0734375 0.1453125
5 0.4703125 0.525 0.2796875 0.2640625
5 0.4765625 0.51875 0.4984375 0.79375