14 0.9125 0.484375 0.04375 0.046875
15 0.8140625 0.465625 0.1421875 0.0296875
15 0.83125 0.428125 0.2140625 0.034375
15 0.2546875 0.5296875 0.0234375 0.2015625
15 0.30625 0.646875 0.1578125 0.028125
13 0.915625 0.56875 0.028125 0.08125
13 0.8125 0.3828125 0.265625 0.0609375
13 0.33125 0.3984375 0.1734375 0.059375
6 0.8953125 0.65 0.0703125 0.0421875
6 0.7296875 0.65 0.1796875 0.08125
6 0.78125 0.540625 0.23125 0.1203125
6 0.5609375 0.503125 0.3296875 0.3046875
6 0.575 0.5109375 0.8015625 0.365625