14 0.3578125 0.240625 0.0375 0.0375
15 0.3828125 0.3234375 0.065625 0.1203125
15 0.34375 0.3234375 0.0859375 0.171875
15 0.7328125 0.6875 0.075 0.146875
15 0.6546875 0.7859375 0.178125 0.078125
13 0.4265625 0.2046875 0.06875 0.0390625
13 0.5078125 0.76875 0.096875 0.1734375
13 0.328125 0.3578125 0.1 0.221875
6 0.4953125 0.1890625 0.059375 0.0546875
6 0.459375 0.3125 0.146875 0.1984375
6 0.565625 0.325 0.0859375 0.1765625
6 0.4921875 0.5359375 0.28125 0.2828125
6 0.5296875 0.5046875 0.565625 0.7390625