14 0.15 0.6578125 0.0484375 0.046875
15 0.2609375 0.6625 0.1546875 0.0359375
15 0.240625 0.7125 0.246875 0.0359375
15 0.865625 0.553125 0.01875 0.2171875
15 0.7953125 0.428125 0.171875 0.025
13 0.7890625 0.703125 0.1921875 0.0546875
13 0.140625 0.5609375 0.0375 0.09375
13 0.26875 0.753125 0.2921875 0.05625
6 0.1515625 0.471875 0.078125 0.05
6 0.3390625 0.4609375 0.2015625 0.0796875
6 0.29375 0.5828125 0.2484375 0.125
6 0.5328125 0.6140625 0.3546875 0.3359375
6 0.5140625 0.5859375 0.85625 0.396875