16 0.628125 0.525 0.0203125 0.30625
14 0.1390625 0.4171875 0.0515625 0.0546875
14 0.2296875 0.4734375 0.2359375 0.078125
14 0.221875 0.603125 0.0953125 0.1046875
15 0.2265625 0.53125 0.1671875 0.0453125
15 0.7828125 0.3484375 0.2015625 0.0671875
11 0.7953125 0.640625 0.2125 0.0734375
11 0.2640625 0.34375 0.321875 0.071875
11 0.0921875 0.48125 0.034375 0.396875
11 0.9203125 0.4921875 0.04375 0.4078125
4 0.46875 0.48125 0.2328125 0.3359375
4 0.834375 0.434375 0.0875 0.0859375
4 0.509375 0.4875 0.8703125 0.415625