16 0.553125 0.359375 0.328125 0.03125
14 0.4234375 0.9015625 0.0546875 0.0625
14 0.4828125 0.8 0.0875 0.265625
14 0.6359375 0.8046875 0.1109375 0.1078125
15 0.5546875 0.8 0.046875 0.184375
15 0.378125 0.1890625 0.0734375 0.209375
11 0.3421875 0.7546875 0.084375 0.3734375
11 0.49375 0.9578125 0.453125 0.0421875
11 0.684375 0.1875 0.06875 0.2265625
11 0.5296875 0.05 0.428125 0.0453125
4 0.528125 0.5234375 0.325 0.2453125
4 0.4671875 0.1390625 0.084375 0.0921875
4 0.50625 0.503125 0.4859375 0.95625