16 0.496875 0.49375 0.025 0.2140625
14 0.84375 0.553125 0.0328125 0.034375
14 0.78125 0.515625 0.165625 0.053125
14 0.778125 0.4265625 0.065625 0.06875
15 0.7796875 0.4765625 0.1171875 0.0234375
15 0.3921875 0.615625 0.1390625 0.04375
11 0.753125 0.6078125 0.2265625 0.053125
11 0.29375 0.521875 0.0390625 0.2796875
11 0.375 0.415625 0.1421875 0.04375
11 0.871875 0.5078125 0.0203125 0.2734375
4 0.353125 0.55625 0.059375 0.0546875
4 0.6078125 0.5 0.159375 0.19375
4 0.578125 0.515625 0.609375 0.2921875