16 0.565625 0.4515625 0.240625 0.121875
14 0.3625 0.821875 0.040625 0.0453125
14 0.4390625 0.7765625 0.1046875 0.171875
14 0.5265625 0.80625 0.078125 0.0828125
15 0.475 0.7796875 0.065625 0.121875
15 0.5234375 0.3171875 0.1015625 0.1421875
12 0.7265625 0.4 0.09375 0.1453125
12 0.3390625 0.7 0.1390625 0.2578125
12 0.3859375 0.884375 0.296875 0.1203125
12 0.659375 0.26875 0.265625 0.1546875
5 0.6109375 0.3109375 0.0703125 0.071875
5 0.5484375 0.6 0.0765625 0.1296875
5 0.5109375 0.559375 0.2640625 0.253125
5 0.5140625 0.5671875 0.5546875 0.75625