16 0.4453125 0.475 0.128125 0.146875
14 0.7359375 0.303125 0.0328125 0.03125
14 0.6640625 0.309375 0.1484375 0.0875
14 0.603125 0.25625 0.071875 0.0640625
15 0.6421875 0.2953125 0.0890625 0.0765625
15 0.4078125 0.653125 0.0671875 0.0609375
15 0.4671875 0.60625 0.071875 0.065625
11 0.303125 0.6234375 0.1640625 0.21875
11 0.3125 0.49375 0.1203125 0.1046875
11 0.7375 0.2546875 0.1875 0.171875
11 0.7140625 0.3921875 0.171875 0.16875
4 0.3765625 0.6109375 0.0625 0.05625
4 0.5359375 0.415625 0.1953125 0.1703125
4 0.5265625 0.4515625 0.6125 0.5671875