16 0.53125 0.38125 0.2140625 0.0328125
14 0.503125 0.746875 0.0359375 0.040625
14 0.534375 0.678125 0.0515625 0.178125
14 0.6359375 0.6671875 0.0765625 0.071875
15 0.5796875 0.671875 0.040625 0.128125
15 0.3921875 0.284375 0.059375 0.14375
11 0.4328125 0.659375 0.078125 0.2375
11 0.59375 0.2625 0.065625 0.1265625
11 0.471875 0.19375 0.278125 0.0296875
11 0.5546875 0.7828125 0.3015625 0.040625
4 0.453125 0.240625 0.0578125 0.053125
4 0.540625 0.49375 0.203125 0.165625
4 0.51875 0.4921875 0.3765625 0.625