14 0.6609375 0.7453125 0.0359375 0.040625
15 0.6453125 0.6609375 0.0640625 0.125
15 0.6671875 0.6578125 0.0765625 0.1765625
15 0.3515625 0.359375 0.0640625 0.1421875
15 0.4359375 0.2828125 0.1703125 0.0625
10 0.5625 0.2984375 0.0796875 0.140625
10 0.59375 0.7921875 0.059375 0.0453125
10 0.684375 0.6234375 0.0890625 0.2265625
3 0.528125 0.8 0.0640625 0.090625
3 0.5375 0.6890625 0.0515625 0.0765625
3 0.4609375 0.6625 0.121875 0.175
3 0.6953125 0.5546875 0.046875 0.140625
3 0.565625 0.571875 0.1125 0.1109375
3 0.5515625 0.515625 0.253125 0.1140625
3 0.5203125 0.53125 0.4859375 0.6953125