16 0.5265625 0.628125 0.5328125 0.0515625
14 0.3796875 0.23125 0.1375 0.121875
14 0.5546875 0.2234375 0.1078125 0.2921875
14 0.6328125 0.121875 0.06875 0.06875
15 0.475 0.234375 0.05 0.2109375
15 0.703125 0.7921875 0.0859375 0.26875
7 0.3265625 0.7921875 0.0734375 0.1953125
7 0.7296875 0.2140625 0.0890625 0.25625
7 0.5515625 0.0609375 0.5296875 0.0515625
7 0.5125 0.9625 0.5171875 0.065625
0 0.5359375 0.5015625 0.484375 0.2625
0 0.5953125 0.8421875 0.090625 0.1296875
0 0.534375 0.5140625 0.56875 0.971875