14 0.4921875 0.90625 0.0578125 0.05625
15 0.5140625 0.75625 0.0421875 0.1984375
15 0.553125 0.8 0.0390625 0.2890625
15 0.26875 0.190625 0.0296875 0.1890625
15 0.4234375 0.1265625 0.2515625 0.0265625
11 0.5859375 0.203125 0.0671875 0.203125
11 0.6125 0.7390625 0.075 0.41875
11 0.3640625 0.9140625 0.103125 0.04375
4 0.265625 0.8828125 0.06875 0.096875
4 0.4515625 0.746875 0.06875 0.1484375
4 0.2828125 0.6453125 0.128125 0.2203125
4 0.3828125 0.5953125 0.225 0.296875
4 0.4359375 0.5125 0.465625 0.9484375