16 0.3375 0.5296875 0.0359375 0.3765625
14 0.8765625 0.60625 0.046875 0.053125
14 0.81875 0.55 0.175 0.06875
14 0.81875 0.4296875 0.090625 0.096875
15 0.8140625 0.4984375 0.1390625 0.0359375
15 0.21875 0.6546875 0.178125 0.071875
13 0.7703125 0.675 0.2703125 0.06875
13 0.103125 0.521875 0.0421875 0.3703125
13 0.9234375 0.5484375 0.03125 0.371875
13 0.2125 0.3875 0.2078125 0.0640625
6 0.1796875 0.578125 0.0859375 0.0765625
6 0.546875 0.5375 0.3703125 0.3125
6 0.5109375 0.534375 0.8609375 0.403125