14 0.7265625 0.3578125 0.0359375 0.0375
15 0.6453125 0.378125 0.11875 0.0765625
15 0.2796875 0.646875 0.09375 0.1734375
15 0.3765625 0.721875 0.1421875 0.0859375
10 0.2796875 0.509375 0.1546875 0.1015625
10 0.590625 0.3390625 0.26875 0.1125
10 0.76875 0.4296875 0.040625 0.0609375
3 0.6765625 0.490625 0.0703125 0.046875
3 0.78125 0.5 0.08125 0.0546875
3 0.646875 0.578125 0.15625 0.1234375
3 0.5609375 0.4640625 0.109375 0.0953125
3 0.509375 0.49375 0.10625 0.2703125
3 0.5 0.521875 0.70625 0.5734375