14 0.5140625 0.19375 0.0359375 0.034375
15 0.5078125 0.2890625 0.0234375 0.1359375
15 0.475 0.2703125 0.0265625 0.1859375
15 0.675 0.7203125 0.015625 0.1421875
15 0.565625 0.7671875 0.1828125 0.021875
12 0.4296875 0.315625 0.0609375 0.284375
12 0.6015625 0.184375 0.071875 0.0296875
12 0.4484375 0.7078125 0.04375 0.14375
5 0.66875 0.203125 0.0515625 0.0578125
5 0.6671875 0.35625 0.096875 0.13125
5 0.5609375 0.4046875 0.109375 0.0765625
5 0.55625 0.4875 0.28125 0.1421875
5 0.5484375 0.49375 0.334375 0.7