16 0.3421875 0.54375 0.04375 0.403125
14 0.9125 0.5796875 0.046875 0.05
14 0.8421875 0.5265625 0.1875 0.06875
14 0.83125 0.4046875 0.09375 0.0953125
15 0.8375 0.4734375 0.1375 0.0390625
15 0.215625 0.6828125 0.196875 0.0703125
13 0.8046875 0.65625 0.2890625 0.0890625
13 0.2046875 0.3984375 0.2140625 0.059375
13 0.078125 0.553125 0.0546875 0.39375
13 0.9515625 0.5203125 0.0546875 0.38125
6 0.1703125 0.6015625 0.1 0.084375
6 0.565625 0.534375 0.3875 0.315625
6 0.515625 0.5390625 0.928125 0.4265625