16 0.509375 0.3578125 0.284375 0.05
14 0.4984375 0.7796875 0.0375 0.040625
14 0.534375 0.7265625 0.053125 0.15
14 0.6328125 0.7140625 0.075 0.0796875
15 0.5765625 0.7234375 0.0375 0.1046875
15 0.403125 0.2765625 0.046875 0.13125
13 0.6109375 0.2515625 0.053125 0.1546875
13 0.434375 0.7015625 0.0671875 0.2125
13 0.496875 0.178125 0.275 0.0609375
13 0.5484375 0.8140625 0.296875 0.0421875
6 0.521875 0.515625 0.2390625 0.2859375
6 0.4625 0.2453125 0.0578125 0.0671875
6 0.5296875 0.490625 0.3375 0.6921875