16 0.6 0.49375 0.0421875 0.353125
14 0.2546875 0.46875 0.0421875 0.0421875
14 0.334375 0.50625 0.196875 0.0609375
14 0.3484375 0.6140625 0.084375 0.0828125
15 0.3421875 0.55625 0.140625 0.04375
15 0.6984375 0.3546875 0.1921875 0.0640625
7 0.309375 0.4015625 0.16875 0.0734375
7 0.8390625 0.475 0.071875 0.3640625
7 0.734375 0.6109375 0.1375 0.0578125
7 0.2296875 0.525 0.0515625 0.3234375
0 0.509375 0.4984375 0.1796875 0.3125
0 0.7453125 0.4265625 0.084375 0.0671875
0 0.5375 0.4890625 0.6734375 0.4015625