16 0.5390625 0.58125 0.2765625 0.0140625
14 0.5 0.278125 0.03125 0.034375
15 0.4921875 0.3546875 0.025 0.11875
15 0.465625 0.346875 0.0234375 0.1703125
15 0.6546875 0.7015625 0.01875 0.134375
15 0.5578125 0.7453125 0.165625 0.021875
10 0.575 0.271875 0.0609375 0.025
10 0.4421875 0.3671875 0.025 0.2140625
10 0.4453125 0.696875 0.05 0.1359375
3 0.634375 0.290625 0.040625 0.0625
3 0.590625 0.36875 0.03125 0.0578125
3 0.634375 0.41875 0.08125 0.146875
3 0.528125 0.5203125 0.24375 0.06875
3 0.5359375 0.45 0.1125 0.08125
3 0.5390625 0.521875 0.2875 0.5671875