14 0.4296875 0.771875 0.0359375 0.0359375
15 0.503125 0.70625 0.0875 0.10625
15 0.503125 0.7484375 0.128125 0.1515625
15 0.6203125 0.35 0.0875 0.0765625
15 0.71875 0.3859375 0.1140625 0.1109375
11 0.559375 0.734375 0.203125 0.20625
11 0.3625 0.71875 0.05 0.0546875
11 0.7578125 0.490625 0.1078125 0.096875
4 0.3203125 0.6625 0.065625 0.0703125
4 0.4328125 0.534375 0.14375 0.1171875
4 0.4921875 0.55625 0.19375 0.1609375
4 0.4765625 0.6703125 0.078125 0.0796875
4 0.559375 0.578125 0.590625 0.5921875