14 0.4546875 0.25625 0.0328125 0.03125
15 0.4453125 0.33125 0.0171875 0.1125
15 0.415625 0.3234375 0.0203125 0.1609375
15 0.5890625 0.721875 0.0109375 0.1265625
15 0.4953125 0.7671875 0.159375 0.015625
13 0.521875 0.2484375 0.0671875 0.021875
13 0.3828125 0.340625 0.04375 0.2
13 0.390625 0.7078125 0.0359375 0.140625
6 0.584375 0.2578125 0.0375 0.053125
6 0.5875 0.3890625 0.0609375 0.140625
6 0.475 0.525 0.234375 0.2578125
6 0.5015625 0.359375 0.0921875 0.1859375
6 0.4796875 0.521875 0.284375 0.609375