16 0.609375 0.534375 0.09375 0.1890625
14 0.328125 0.484375 0.0640625 0.071875
14 0.3296875 0.35 0.0296875 0.0296875
14 0.35625 0.40625 0.134375 0.1
15 0.353125 0.4390625 0.1 0.0578125
15 0.759375 0.4625 0.1390625 0.0890625
11 0.4265625 0.328125 0.2109375 0.090625
11 0.7015625 0.6546875 0.1546875 0.1
11 0.259375 0.4109375 0.0734375 0.1578125
11 0.815625 0.6421875 0.059375 0.1765625
4 0.7796875 0.5265625 0.065625 0.053125
4 0.515625 0.4796875 0.1625 0.2015625
4 0.553125 0.4953125 0.665625 0.471875