16 0.509375 0.4171875 0.3921875 0.021875
14 0.471875 0.9203125 0.0421875 0.046875
14 0.5203125 0.8375 0.0796875 0.2078125
14 0.6484375 0.821875 0.0953125 0.0828125
15 0.58125 0.8265625 0.0390625 0.1421875
15 0.371875 0.2859375 0.075 0.1984375
12 0.3921875 0.7953125 0.090625 0.2859375
12 0.6703125 0.26875 0.071875 0.2
12 0.50625 0.1421875 0.421875 0.0625
12 0.5359375 0.953125 0.3765625 0.0359375
5 0.4828125 0.2390625 0.1 0.1015625
5 0.5546875 0.5984375 0.0578125 0.184375
5 0.5234375 0.5859375 0.3296875 0.2953125
5 0.5109375 0.5421875 0.43125 0.8625