14 0.1546875 0.590625 0.0453125 0.04375
15 0.259375 0.590625 0.1484375 0.0375
15 0.2453125 0.6359375 0.225 0.04375
15 0.74375 0.371875 0.146875 0.01875
15 0.803125 0.4828125 0.01875 0.1859375
13 0.740625 0.6125 0.1703125 0.0515625
13 0.271875 0.66875 0.275 0.053125
13 0.1390625 0.5015625 0.03125 0.090625
6 0.1484375 0.4171875 0.0640625 0.053125
6 0.3265625 0.3984375 0.1921875 0.075
6 0.2828125 0.5109375 0.240625 0.1140625
6 0.509375 0.5265625 0.3140625 0.3015625
6 0.4875 0.5203125 0.778125 0.3609375