16 0.4 0.5453125 0.021875 0.31875
14 0.8296875 0.5875 0.0421875 0.0421875
14 0.75625 0.540625 0.196875 0.0625
14 0.7484375 0.4359375 0.075 0.084375
15 0.7484375 0.49375 0.13125 0.03125
15 0.2953125 0.6546875 0.1515625 0.0578125
12 0.278125 0.425 0.1625 0.05
12 0.1859375 0.546875 0.0515625 0.3140625
12 0.8640625 0.5390625 0.0296875 0.31875
12 0.71875 0.6421875 0.259375 0.0671875
5 0.253125 0.5796875 0.0734375 0.075
5 0.546875 0.5078125 0.153125 0.0453125
5 0.5359375 0.5375 0.24375 0.2609375
5 0.5203125 0.5421875 0.7203125 0.3265625