16 0.4578125 0.4609375 0.321875 0.0265625
14 0.41875 0.7984375 0.0421875 0.04375
14 0.4640625 0.715625 0.0625 0.203125
14 0.5703125 0.709375 0.084375 0.0953125
15 0.5078125 0.715625 0.0390625 0.1375
15 0.340625 0.36875 0.053125 0.1578125
7 0.353125 0.740625 0.0625 0.1765625
7 0.4734375 0.83125 0.33125 0.05
7 0.5671875 0.3453125 0.0546875 0.1203125
7 0.446875 0.2609375 0.3140625 0.046875
0 0.4015625 0.3359375 0.0546875 0.0703125
0 0.4625 0.546875 0.2875 0.1671875
0 0.465625 0.5453125 0.35625 0.6234375