16 0.6796875 0.5109375 0.05 0.3484375
14 0.203125 0.4015625 0.046875 0.040625
14 0.2484375 0.4515625 0.1546875 0.0703125
14 0.2359375 0.5609375 0.0859375 0.0921875
15 0.2484375 0.4984375 0.1203125 0.0390625
15 0.796875 0.4046875 0.1640625 0.071875
13 0.30625 0.346875 0.24375 0.0625
13 0.7859375 0.6484375 0.1890625 0.06875
13 0.90625 0.5359375 0.05 0.3421875
13 0.1421875 0.4484375 0.0578125 0.31875
6 0.5 0.4828125 0.3390625 0.290625
6 0.8296875 0.478125 0.0890625 0.075
6 0.5234375 0.4984375 0.8203125 0.421875