16 0.3828125 0.578125 0.0203125 0.3359375
14 0.86875 0.640625 0.040625 0.04375
14 0.809375 0.5875 0.165625 0.06875
14 0.8109375 0.4796875 0.090625 0.0921875
15 0.8109375 0.54375 0.1296875 0.0421875
15 0.271875 0.6921875 0.1734375 0.05625
13 0.275 0.4515625 0.1890625 0.0578125
13 0.771875 0.7015625 0.2390625 0.0578125
13 0.909375 0.55625 0.03125 0.0625
13 0.1609375 0.5765625 0.0359375 0.3359375
6 0.234375 0.6203125 0.096875 0.071875
6 0.5640625 0.5828125 0.340625 0.2703125
6 0.5375 0.584375 0.790625 0.353125