16 0.4671875 0.415625 0.371875 0.0234375
14 0.4 0.8046875 0.0453125 0.053125
14 0.4578125 0.715625 0.075 0.2375
14 0.5796875 0.7140625 0.096875 0.096875
15 0.5109375 0.7109375 0.040625 0.1671875
15 0.3375 0.2921875 0.0625 0.196875
7 0.328125 0.7328125 0.0640625 0.203125
7 0.4609375 0.8515625 0.390625 0.0453125
7 0.4625 0.159375 0.3921875 0.0546875
7 0.6078125 0.2859375 0.0578125 0.146875
0 0.409375 0.2546875 0.06875 0.0921875
0 0.4625 0.50625 0.33125 0.1890625
0 0.4578125 0.5015625 0.4125 0.746875