16 0.3890625 0.484375 0.0609375 0.2171875
14 0.7515625 0.6390625 0.0375 0.040625
14 0.6953125 0.5765625 0.175 0.0921875
14 0.7109375 0.48125 0.0765625 0.084375
15 0.696875 0.5390625 0.1296875 0.05625
15 0.2390625 0.5890625 0.15625 0.078125
11 0.640625 0.6875 0.253125 0.078125
11 0.278125 0.3703125 0.153125 0.06875
11 0.1546875 0.4625 0.103125 0.2984375
11 0.8 0.603125 0.0515625 0.296875
4 0.2125 0.515625 0.0734375 0.0671875
4 0.503125 0.521875 0.1703125 0.228125
4 0.465625 0.5328125 0.728125 0.440625