16 0.4171875 0.5203125 0.0796875 0.3359375
14 0.7765625 0.496875 0.0484375 0.0484375
14 0.6828125 0.4703125 0.2203125 0.0546875
14 0.6515625 0.3515625 0.0875 0.09375
15 0.6671875 0.4171875 0.1546875 0.0609375
15 0.340625 0.659375 0.1765625 0.071875
7 0.73125 0.575 0.1890625 0.096875
7 0.7984375 0.3890625 0.090625 0.2703125
7 0.2046875 0.559375 0.090625 0.3453125
7 0.2765625 0.4265625 0.125 0.08125
0 0.2890625 0.596875 0.0828125 0.0671875
0 0.49375 0.4984375 0.1796875 0.31875
0 0.5078125 0.4921875 0.703125 0.4859375