14 0.284375 0.5859375 0.046875 0.0359375
10 0.2453125 0.5171875 0.0375 0.0640625
10 0.409375 0.6234375 0.2453125 0.0625
10 0.7296875 0.51875 0.125 0.0734375
15 0.6828125 0.3203125 0.1328125 0.0546875
15 0.378125 0.5765625 0.1265625 0.046875
15 0.375 0.6046875 0.19375 0.0546875
15 0.75 0.4 0.046875 0.159375
3 0.246875 0.45 0.078125 0.0625
3 0.3953125 0.403125 0.1609375 0.1109375
3 0.3609375 0.475 0.0703125 0.0375
3 0.4703125 0.5109375 0.10625 0.115625
3 0.5265625 0.49375 0.09375 0.2453125
3 0.5015625 0.465625 0.65 0.421875