15 0.88125 0.4484375 0.046875 0.24375
15 0.8015625 0.30625 0.1875 0.028125
15 0.2421875 0.571875 0.1890625 0.040625
15 0.209375 0.61875 0.2859375 0.0421875
14 0.1 0.5625 0.0578125 0.05625
12 0.26875 0.6734375 0.403125 0.0890625
12 0.8203125 0.615625 0.2171875 0.08125
12 0.0890625 0.440625 0.0375 0.0984375
5 0.1109375 0.3546875 0.08125 0.065625
5 0.3921875 0.4890625 0.10625 0.1453125
5 0.3171875 0.346875 0.1640625 0.1265625
5 0.509375 0.4953125 0.175 0.4046875
5 0.5140625 0.4890625 0.96875 0.4625