16 0.4453125 0.36875 0.346875 0.0328125
14 0.3671875 0.871875 0.0484375 0.05
14 0.4171875 0.7828125 0.071875 0.228125
14 0.5453125 0.759375 0.090625 0.0984375
15 0.475 0.7609375 0.04375 0.1625
15 0.2984375 0.253125 0.071875 0.165625
12 0.5734375 0.240625 0.0609375 0.1796875
12 0.43125 0.13125 0.371875 0.0609375
12 0.2875 0.7453125 0.0796875 0.3078125
12 0.43125 0.9109375 0.396875 0.05
5 0.4265625 0.5265625 0.334375 0.2796875
5 0.390625 0.2125 0.0875 0.078125
5 0.415625 0.51875 0.428125 0.8421875