16 0.4296875 0.45 0.0359375 0.40625
14 0.9515625 0.509375 0.0484375 0.0484375
14 0.8609375 0.4515625 0.2390625 0.084375
14 0.8421875 0.3296875 0.096875 0.0953125
15 0.846875 0.39375 0.1625 0.034375
15 0.2859375 0.596875 0.203125 0.06875
12 0.8296875 0.5828125 0.3046875 0.0828125
12 0.9859375 0.453125 0.028125 0.3859375
12 0.2765625 0.2984375 0.2 0.0640625
12 0.1390625 0.459375 0.06875 0.40625
5 0.61875 0.3875 0.159375 0.0671875
5 0.6078125 0.43125 0.296875 0.3546875
5 0.2359375 0.49375 0.0921875 0.1015625
5 0.5515625 0.4421875 0.8953125 0.44375