14 0.428125 0.13125 0.046875 0.0484375
15 0.4125 0.24375 0.03125 0.1703125
15 0.3703125 0.2296875 0.0359375 0.2484375
15 0.6234375 0.815625 0.028125 0.1890625
15 0.4890625 0.884375 0.23125 0.0265625
13 0.5265625 0.11875 0.1015625 0.0375
13 0.31875 0.2546875 0.0625 0.3078125
13 0.3390625 0.8 0.0671875 0.209375
6 0.6203125 0.1375 0.0625 0.0796875
6 0.621875 0.3359375 0.09375 0.21875
6 0.4984375 0.2796875 0.1296875 0.2765625
6 0.4578125 0.534375 0.3359375 0.365625
6 0.465625 0.51875 0.4203125 0.8953125