16 0.5078125 0.40625 0.1953125 0.0390625
14 0.3828125 0.70625 0.034375 0.0359375
14 0.428125 0.6484375 0.0828125 0.1671875
14 0.51875 0.6515625 0.0671875 0.0796875
15 0.46875 0.6421875 0.0296875 0.11875
15 0.409375 0.2890625 0.0671875 0.1359375
11 0.3296875 0.609375 0.0609375 0.240625
11 0.6 0.3046875 0.05625 0.1328125
11 0.41875 0.746875 0.296875 0.03125
11 0.5109375 0.2015625 0.2703125 0.065625
4 0.4765625 0.4953125 0.21875 0.115625
4 0.471875 0.2640625 0.05625 0.0546875
4 0.4578125 0.465625 0.378125 0.596875