14 0.14375 0.5671875 0.0515625 0.05
15 0.2484375 0.5890625 0.15 0.028125
15 0.225 0.6265625 0.2375 0.046875
13 0.1484375 0.471875 0.040625 0.090625
13 0.740625 0.6578125 0.1609375 0.0578125
13 0.24375 0.6765625 0.290625 0.0796875
15 0.8171875 0.5234375 0.0359375 0.2078125
15 0.778125 0.3953125 0.146875 0.040625
6 0.5171875 0.5515625 0.3578125 0.3328125
6 0.1734375 0.3953125 0.078125 0.040625
6 0.34375 0.3859375 0.1796875 0.0859375
6 0.290625 0.503125 0.23125 0.1296875
6 0.484375 0.534375 0.846875 0.3859375