14 0.109375 0.5484375 0.0515625 0.053125
15 0.2328125 0.5515625 0.1703125 0.040625
15 0.209375 0.6046875 0.2609375 0.0375
15 0.828125 0.284375 0.1796875 0.021875
15 0.9046875 0.421875 0.0328125 0.2421875
13 0.240625 0.653125 0.3328125 0.065625
13 0.1 0.440625 0.0390625 0.1
13 0.825 0.5875 0.2078125 0.0671875
6 0.1203125 0.3453125 0.0890625 0.0578125
6 0.3265625 0.325 0.2171875 0.090625
6 0.2703125 0.4640625 0.2875 0.1328125
6 0.5375 0.496875 0.39375 0.3765625
6 0.515625 0.46875 0.965625 0.4484375