14 0.290625 0.409375 0.0328125 0.0359375
15 0.7625 0.546875 0.1078125 0.0765625
15 0.353125 0.4640625 0.103125 0.06875
15 0.325 0.4765625 0.146875 0.0984375
15 0.7578125 0.6515625 0.0984375 0.134375
13 0.3234375 0.3515625 0.05 0.0671875
13 0.6515625 0.7109375 0.13125 0.1046875
13 0.328125 0.5109375 0.18125 0.134375
6 0.3671875 0.3 0.0578125 0.0453125
6 0.4859375 0.371875 0.10625 0.1234375
6 0.4125 0.4 0.171875 0.128125
6 0.521875 0.54375 0.2921875 0.2515625
6 0.5359375 0.53125 0.653125 0.5640625