16 0.5953125 0.6125 0.0203125 0.2875
14 0.265625 0.65 0.0421875 0.0421875
15 0.7578125 0.5953125 0.025 0.1640625
15 0.3421875 0.6890625 0.1921875 0.0265625
15 0.3515625 0.659375 0.1265625 0.0265625
15 0.7125 0.496875 0.13125 0.0203125
10 0.3671875 0.728125 0.2421875 0.05
10 0.2609375 0.5703125 0.025 0.0625
10 0.7140625 0.7015625 0.13125 0.0484375
3 0.28125 0.5078125 0.0671875 0.05
3 0.371875 0.553125 0.065625 0.0484375
3 0.421875 0.5109375 0.165625 0.075
3 0.4578125 0.61875 0.09375 0.13125
3 0.5328125 0.6109375 0.090625 0.2359375
3 0.5203125 0.6125 0.5984375 0.2890625