14 0.5671875 0.2328125 0.040625 0.04375
15 0.5390625 0.33125 0.0328125 0.146875
15 0.515625 0.309375 0.0359375 0.209375
15 0.640625 0.840625 0.0390625 0.1421875
15 0.521875 0.875 0.1921875 0.0453125
13 0.65625 0.2375 0.084375 0.0453125
13 0.465625 0.328125 0.0859375 0.2625
13 0.4078125 0.7875 0.0703125 0.165625
6 0.734375 0.2671875 0.040625 0.0640625
6 0.70625 0.4359375 0.096875 0.171875
6 0.621875 0.375 0.1171875 0.240625
6 0.5453125 0.58125 0.290625 0.325
6 0.553125 0.5671875 0.440625 0.7953125