15 0.6875 0.715625 0.1359375 0.1140625
15 0.7296875 0.6203125 0.0921875 0.1109375
15 0.375 0.375 0.05 0.0609375
15 0.378125 0.44375 0.0859375 0.096875
15 0.353125 0.4484375 0.1265625 0.140625
10 0.3484375 0.4875 0.15 0.184375
10 0.39375 0.3234375 0.0546875 0.0421875
10 0.571875 0.7484375 0.1046875 0.125
3 0.471875 0.390625 0.053125 0.059375
3 0.45 0.296875 0.0609375 0.065625
3 0.5515625 0.4 0.125 0.13125
3 0.3578125 0.546875 0.090625 0.1296875
3 0.46875 0.5046875 0.0828125 0.1234375
3 0.4984375 0.5375 0.228125 0.1890625
3 0.528125 0.5546875 0.5890625 0.63125