14 0.153125 0.603125 0.0484375 0.0484375
15 0.28125 0.58125 0.159375 0.0671875
15 0.2515625 0.6296875 0.240625 0.08125
15 0.7390625 0.2828125 0.1734375 0.071875
15 0.8265625 0.40625 0.0625 0.23125
12 0.309375 0.6765625 0.3578125 0.134375
12 0.1328125 0.4953125 0.0375 0.0796875
12 0.790625 0.565625 0.184375 0.08125
5 0.409375 0.490625 0.0890625 0.1234375
5 0.1453125 0.41875 0.0734375 0.053125
5 0.3265625 0.384375 0.15 0.09375
5 0.496875 0.503125 0.1546875 0.3328125
5 0.5234375 0.4734375 0.884375 0.54375