16 0.6171875 0.6046875 0.209375 0.1046875
14 0.5 0.228125 0.0328125 0.034375
14 0.48125 0.2828125 0.0671875 0.125
14 0.403125 0.3234375 0.0734375 0.0671875
15 0.453125 0.296875 0.0515625 0.084375
15 0.765625 0.6421875 0.0859375 0.1453125
13 0.5765625 0.7375 0.0984375 0.1609375
13 0.58125 0.2671875 0.125 0.1640625
13 0.4453125 0.2109375 0.2390625 0.1109375
13 0.71875 0.778125 0.253125 0.1453125
6 0.7234375 0.6984375 0.0640625 0.0703125
6 0.565625 0.446875 0.2765625 0.2578125
6 0.5875 0.5046875 0.5296875 0.7