16 0.6734375 0.5453125 0.0578125 0.3703125
14 0.3125 0.5328125 0.0453125 0.0453125
14 0.4140625 0.6921875 0.0890625 0.096875
14 0.3921875 0.5671875 0.2109375 0.0546875
15 0.4078125 0.6203125 0.146875 0.0515625
15 0.7703125 0.4 0.1890625 0.071875
7 0.36875 0.459375 0.1796875 0.08125
7 0.2828125 0.64375 0.0578125 0.2765625
7 0.821875 0.65625 0.146875 0.0765625
7 0.91875 0.5140625 0.10625 0.3578125
0 0.8140625 0.465625 0.0875 0.0703125
0 0.5890625 0.55 0.1796875 0.340625
0 0.6125 0.5578125 0.73125 0.4578125