16 0.4734375 0.3546875 0.25625 0.0796875
14 0.553125 0.7953125 0.0375 0.040625
14 0.5796875 0.734375 0.0546875 0.159375
14 0.678125 0.703125 0.084375 0.08125
15 0.6203125 0.721875 0.05 0.1078125
15 0.3546875 0.2984375 0.0609375 0.140625
13 0.5609375 0.234375 0.0765625 0.15625
13 0.6140625 0.828125 0.2984375 0.0828125
13 0.471875 0.73125 0.1046875 0.2078125
13 0.43125 0.178125 0.28125 0.1046875
6 0.4078125 0.253125 0.0625 0.0703125
6 0.5265625 0.528125 0.2765625 0.2625
6 0.528125 0.496875 0.4734375 0.74375