16 0.575 0.55 0.146875 0.1609375
14 0.328125 0.4203125 0.071875 0.071875
14 0.36875 0.2890625 0.034375 0.0296875
14 0.3828125 0.3546875 0.103125 0.134375
15 0.365625 0.3765625 0.0890625 0.0796875
15 0.74375 0.5265625 0.1328125 0.11875
11 0.315625 0.296875 0.1734375 0.1859375
11 0.6234375 0.6921875 0.1359375 0.1234375
11 0.465625 0.296875 0.1796875 0.1375
11 0.7421875 0.7078125 0.1265625 0.15625
4 0.503125 0.46875 0.178125 0.2
4 0.7390625 0.59375 0.0640625 0.06875
4 0.546875 0.496875 0.6375 0.590625