14 0.3859375 0.3046875 0.0421875 0.0453125
14 0.371875 0.403125 0.1015625 0.2203125
14 0.2640625 0.4578125 0.1046875 0.0984375
15 0.334375 0.4234375 0.0859375 0.146875
15 0.65625 0.68125 0.0703125 0.090625
15 0.6953125 0.76875 0.0609375 0.0890625
8 0.4859375 0.3375 0.146875 0.1875
8 0.4546875 0.8703125 0.10625 0.14375
8 0.271875 0.2953125 0.2765625 0.1203125
8 0.6421875 0.896875 0.2640625 0.1578125
1 0.621875 0.7921875 0.08125 0.0859375
1 0.4796875 0.578125 0.334375 0.2765625
1 0.453125 0.603125 0.64375 0.7921875