14 0.6828125 0.3171875 0.03125 0.028125
15 0.6203125 0.359375 0.084375 0.0828125
15 0.3890625 0.6640625 0.10625 0.121875
15 0.4828125 0.7046875 0.1 0.096875
10 0.3546875 0.5609375 0.1109375 0.096875
10 0.6125 0.3109375 0.121875 0.1046875
10 0.740625 0.3625 0.0484375 0.05
3 0.6859375 0.4390625 0.053125 0.05625
3 0.7765625 0.4140625 0.0625 0.0609375
3 0.684375 0.5171875 0.1375 0.1265625
3 0.5765625 0.44375 0.1140625 0.0703125
3 0.534375 0.4984375 0.1703125 0.178125
3 0.54375 0.5140625 0.5953125 0.571875