16 0.4609375 0.659375 0.4828125 0.0265625
14 0.546875 0.221875 0.0546875 0.0546875
14 0.48125 0.309375 0.09375 0.2375
14 0.3296875 0.315625 0.1140625 0.084375
15 0.4046875 0.3125 0.05 0.1578125
15 0.621875 0.815625 0.0875 0.25625
7 0.6296875 0.2875 0.0828125 0.1984375
7 0.4765625 0.178125 0.4515625 0.0390625
7 0.26875 0.825 0.0859375 0.1921875
7 0.440625 0.9765625 0.509375 0.046875
0 0.4578125 0.5390625 0.4328125 0.2328125
0 0.521875 0.8671875 0.0859375 0.1140625
0 0.4453125 0.5765625 0.5234375 0.8453125