16 0.3421875 0.5671875 0.03125 0.4546875
14 0.95 0.6078125 0.0546875 0.0625
14 0.8421875 0.5484375 0.28125 0.1015625
14 0.8203125 0.378125 0.11875 0.1265625
15 0.825 0.4671875 0.2015625 0.0765625
12 0.8015625 0.7109375 0.3765625 0.1203125
12 0.9828125 0.5203125 0.034375 0.525
12 0.18125 0.3703125 0.2359375 0.109375
12 0.034375 0.51875 0.0671875 0.4484375
15 0.1828125 0.7125 0.215625 0.103125
5 0.1265625 0.5953125 0.1078125 0.115625
5 0.5546875 0.521875 0.20625 0.0640625
5 0.540625 0.5671875 0.3453125 0.3828125
5 0.5 0.53125 0.9984375 0.5640625