14 0.6625 0.334375 0.0328125 0.0296875
15 0.590625 0.375 0.0921875 0.078125
15 0.5875 0.3453125 0.1390625 0.109375
15 0.2765625 0.6765625 0.090625 0.1265625
15 0.3671875 0.7234375 0.103125 0.078125
13 0.709375 0.3828125 0.053125 0.0546875
13 0.2671875 0.559375 0.1234375 0.096875
13 0.5546875 0.3375 0.1765625 0.1328125
6 0.7453125 0.4359375 0.0546875 0.053125
6 0.634375 0.54375 0.153125 0.1234375
6 0.628125 0.4375 0.1640625 0.146875
6 0.44375 0.4953125 0.2203125 0.2625
6 0.4796875 0.5234375 0.646875 0.5609375