14 0.2484375 0.54375 0.0296875 0.034375
15 0.328125 0.55 0.1171875 0.0234375
15 0.3171875 0.584375 0.1734375 0.0203125
15 0.715625 0.3984375 0.1203125 0.0125
15 0.7703125 0.484375 0.0203125 0.1515625
13 0.7171875 0.590625 0.14375 0.0421875
13 0.2421875 0.4734375 0.025 0.0703125
13 0.3328125 0.615625 0.215625 0.0421875
6 0.25625 0.4125 0.05625 0.0390625
6 0.390625 0.40625 0.1421875 0.0625
6 0.35625 0.4921875 0.190625 0.0875
6 0.5265625 0.515625 0.2671875 0.2421875
6 0.5171875 0.5046875 0.6203125 0.2625