14 0.2046875 0.5734375 0.0421875 0.04375
15 0.3234375 0.5765625 0.146875 0.028125
15 0.2953125 0.6125 0.2203125 0.034375
15 0.8296875 0.4875 0.0203125 0.1984375
15 0.771875 0.3734375 0.15 0.01875
12 0.3421875 0.6609375 0.33125 0.0625
12 0.7734375 0.615625 0.159375 0.0546875
12 0.1984375 0.4765625 0.0296875 0.0875
5 0.2140625 0.396875 0.065625 0.0515625
5 0.3875 0.3984375 0.1390625 0.1015625
5 0.4453125 0.515625 0.08125 0.115625
5 0.5359375 0.51875 0.1328125 0.321875
5 0.5265625 0.5125 0.7515625 0.365625