16 0.6796875 0.509375 0.046875 0.3375
14 0.234375 0.5609375 0.084375 0.090625
14 0.25 0.45625 0.1546875 0.059375
14 0.2046875 0.403125 0.046875 0.0421875
15 0.7953125 0.403125 0.165625 0.075
15 0.2453125 0.4984375 0.1203125 0.0359375
13 0.7859375 0.6484375 0.1875 0.0671875
13 0.90625 0.5359375 0.05 0.3421875
13 0.303125 0.3453125 0.234375 0.0609375
13 0.14375 0.45 0.0546875 0.325
6 0.8296875 0.478125 0.0890625 0.071875
6 0.7140625 0.4984375 0.1109375 0.1265625
6 0.5 0.484375 0.321875 0.303125
6 0.5171875 0.49375 0.8171875 0.425