14 0.3046875 0.234375 0.040625 0.0453125
15 0.33125 0.340625 0.0609375 0.1359375
15 0.290625 0.3234375 0.0796875 0.203125
15 0.615625 0.7015625 0.0484375 0.1328125
15 0.528125 0.778125 0.1640625 0.0625
12 0.2703125 0.378125 0.1125 0.2953125
12 0.3890625 0.203125 0.065625 0.0390625
12 0.4 0.7640625 0.0796875 0.1453125
5 0.4609375 0.196875 0.05625 0.065625
5 0.5125 0.35 0.09375 0.1328125
5 0.4203125 0.4359375 0.1015625 0.0875
5 0.4296875 0.5234375 0.28125 0.1515625
5 0.428125 0.5140625 0.484375 0.75