16 0.5078125 0.4078125 0.3375 0.028125
14 0.48125 0.8515625 0.0421875 0.0453125
14 0.5234375 0.778125 0.06875 0.1921875
14 0.634375 0.759375 0.0859375 0.0765625
15 0.5734375 0.7640625 0.0328125 0.13125
15 0.39375 0.2921875 0.0703125 0.1734375
12 0.5078125 0.16875 0.3546875 0.0515625
12 0.6453125 0.275 0.059375 0.1734375
12 0.5328125 0.88125 0.3375 0.0375
12 0.409375 0.7421875 0.08125 0.2609375
5 0.4859375 0.25 0.0859375 0.0875
5 0.5515625 0.5625 0.0453125 0.1578125
5 0.521875 0.5546875 0.2859375 0.2578125
5 0.5171875 0.521875 0.371875 0.7609375