16 0.353125 0.453125 0.0828125 0.23125
14 0.6875 0.621875 0.0375 0.0421875
14 0.6359375 0.5515625 0.165625 0.103125
14 0.6515625 0.4578125 0.0734375 0.08125
15 0.634375 0.515625 0.1171875 0.0578125
11 0.5796875 0.6640625 0.2484375 0.0890625
15 0.1859375 0.5453125 0.165625 0.1015625
11 0.240625 0.31875 0.1671875 0.0859375
11 0.0953125 0.4046875 0.1 0.3109375
11 0.7390625 0.5890625 0.059375 0.2953125
4 0.159375 0.46875 0.0671875 0.0671875
4 0.4640625 0.490625 0.1625 0.2234375
4 0.40625 0.4953125 0.73125 0.5015625