14 0.1203125 0.48125 0.053125 0.0515625
15 0.2359375 0.496875 0.1640625 0.034375
15 0.2140625 0.5390625 0.25 0.0359375
15 0.790625 0.3 0.1640625 0.0296875
15 0.8484375 0.4265625 0.0203125 0.2078125
13 0.76875 0.56875 0.1859375 0.05625
13 0.1125 0.3765625 0.0390625 0.096875
13 0.2390625 0.590625 0.30625 0.065625
6 0.134375 0.2859375 0.0828125 0.0546875
6 0.2703125 0.40625 0.26875 0.1390625
6 0.328125 0.284375 0.209375 0.0921875
6 0.5203125 0.453125 0.3671875 0.3359375
6 0.4859375 0.4375 0.8859375 0.4078125