16 0.5984375 0.4890625 0.103125 0.1734375
14 0.2390625 0.6078125 0.03125 0.0328125
14 0.3171875 0.6171875 0.1515625 0.078125
14 0.3609375 0.6953125 0.06875 0.0765625
15 0.33125 0.6453125 0.109375 0.0703125
15 0.625 0.35 0.125 0.078125
12 0.2984375 0.5203125 0.2046875 0.1359375
12 0.7328125 0.515625 0.134375 0.096875
12 0.2234375 0.6671875 0.1140625 0.25
12 0.7640625 0.384375 0.134375 0.225
5 0.4625 0.5234375 0.2265625 0.2484375
5 0.4875 0.5640625 0.1078125 0.065625
5 0.690625 0.390625 0.065625 0.0609375
5 0.4984375 0.53125 0.66875 0.525