14 0.3140625 0.3734375 0.034375 0.0359375
15 0.3578125 0.465625 0.084375 0.1203125
15 0.315625 0.45625 0.1109375 0.171875
15 0.61875 0.828125 0.1453125 0.0875
15 0.6890625 0.7390625 0.0578125 0.1125
12 0.3859375 0.321875 0.0640625 0.0453125
12 0.5015625 0.84375 0.084375 0.121875
12 0.3109375 0.5109375 0.1515625 0.26875
5 0.453125 0.3046875 0.0609375 0.0609375
5 0.5375 0.4296875 0.0984375 0.1296875
5 0.4609375 0.53125 0.0984375 0.090625
5 0.4828125 0.5984375 0.2671875 0.1640625
5 0.4765625 0.6078125 0.56875 0.7171875