16 0.33125 0.484375 0.0890625 0.3046875
14 0.8265625 0.6765625 0.04375 0.0484375
14 0.784375 0.6140625 0.1609375 0.090625
14 0.8046875 0.4984375 0.0859375 0.0984375
15 0.7890625 0.5625 0.1109375 0.05625
15 0.196875 0.5984375 0.165625 0.1078125
13 0.70625 0.7328125 0.2640625 0.0921875
13 0.890625 0.6328125 0.071875 0.3390625
13 0.2484375 0.34375 0.184375 0.0921875
13 0.109375 0.45 0.1 0.346875
6 0.5171875 0.5546875 0.3625 0.3203125
6 0.1765625 0.51875 0.08125 0.0765625
6 0.49375 0.540625 0.871875 0.534375