14 0.15 0.6203125 0.0640625 0.0578125
15 0.2875 0.61875 0.2046875 0.0546875
15 0.275 0.6671875 0.3125 0.0609375
15 0.7015625 0.3265625 0.190625 0.0578125
15 0.803125 0.4578125 0.0640625 0.2453125
7 0.1453125 0.5046875 0.0375 0.0796875
7 0.26875 0.7203125 0.3140625 0.0828125
7 0.7546875 0.6296875 0.1984375 0.0828125
7 0.3078125 0.36875 0.1796875 0.09375
0 0.1609375 0.415625 0.0875 0.0703125
0 0.5609375 0.403125 0.109375 0.2015625
0 0.4859375 0.528125 0.315625 0.38125
0 0.48125 0.525 0.8421875 0.528125