16 0.4328125 0.515625 0.0328125 0.3203125
14 0.8609375 0.603125 0.0453125 0.0453125
14 0.778125 0.546875 0.2171875 0.0828125
14 0.7734375 0.434375 0.0890625 0.0859375
15 0.775 0.496875 0.1484375 0.034375
15 0.2796875 0.6359375 0.1890625 0.0734375
11 0.74375 0.6671875 0.3046875 0.0640625
11 0.2875 0.384375 0.18125 0.071875
11 0.1640625 0.509375 0.0609375 0.359375
11 0.896875 0.55625 0.0390625 0.35
4 0.2421875 0.5609375 0.0765625 0.065625
4 0.5765625 0.5296875 0.209375 0.2859375
4 0.5359375 0.53125 0.7640625 0.4