16 0.3984375 0.4484375 0.0515625 0.2515625
14 0.8015625 0.5828125 0.040625 0.0453125
14 0.73125 0.521875 0.19375 0.08125
14 0.7390625 0.415625 0.0765625 0.084375
15 0.73125 0.478125 0.1390625 0.0421875
15 0.24375 0.5765625 0.1859375 0.071875
11 0.259375 0.325 0.1875 0.084375
11 0.1171875 0.4421875 0.059375 0.3734375
11 0.840625 0.5359375 0.0375 0.3421875
11 0.6859375 0.6453125 0.284375 0.078125
4 0.203125 0.4984375 0.078125 0.0765625
4 0.528125 0.478125 0.1671875 0.2484375
4 0.475 0.48125 0.778125 0.45625