16 0.5515625 0.3828125 0.2640625 0.0265625
14 0.503125 0.771875 0.034375 0.0390625
14 0.540625 0.728125 0.053125 0.1265625
14 0.6359375 0.7265625 0.06875 0.0640625
15 0.584375 0.7265625 0.028125 0.0890625
15 0.4625 0.2953125 0.0421875 0.13125
13 0.4484375 0.690625 0.046875 0.2078125
13 0.546875 0.8078125 0.284375 0.025
13 0.5546875 0.20625 0.2625 0.0328125
13 0.653125 0.2953125 0.040625 0.1421875
6 0.546875 0.525 0.221875 0.2640625
6 0.51875 0.2671875 0.0546875 0.0671875
6 0.5484375 0.5046875 0.290625 0.6328125