16 0.5953125 0.484375 0.04375 0.2734375
14 0.1578125 0.484375 0.090625 0.09375
14 0.1390625 0.3234375 0.04375 0.046875
14 0.18125 0.375 0.1671875 0.0875
15 0.175 0.421875 0.1265625 0.053125
15 0.715625 0.346875 0.1640625 0.06875
13 0.6984375 0.609375 0.184375 0.0796875
13 0.246875 0.2734375 0.2421875 0.078125
13 0.0671875 0.3578125 0.096875 0.325
13 0.828125 0.478125 0.0609375 0.3734375
6 0.4265625 0.4328125 0.3171875 0.284375
6 0.74375 0.425 0.0921875 0.0796875
6 0.440625 0.4296875 0.840625 0.4734375