16 0.4390625 0.46875 0.025 0.3125
14 0.8890625 0.5078125 0.0375 0.040625
14 0.8359375 0.4640625 0.15625 0.0609375
14 0.8296875 0.3671875 0.0734375 0.078125
15 0.8328125 0.4203125 0.109375 0.028125
15 0.334375 0.575 0.165625 0.0515625
13 0.8046875 0.5703125 0.2375 0.0625
13 0.328125 0.346875 0.178125 0.04375
13 0.2234375 0.4703125 0.0421875 0.3109375
13 0.9328125 0.4609375 0.05 0.3078125
6 0.2953125 0.509375 0.084375 0.0703125
6 0.6078125 0.4640625 0.2984375 0.25625
6 0.5796875 0.465625 0.75625 0.3171875