16 0.4 0.4640625 0.025 0.2578125
14 0.765625 0.5078125 0.0328125 0.0359375
14 0.70625 0.46875 0.1609375 0.0515625
14 0.7 0.3796875 0.065625 0.0703125
15 0.7 0.43125 0.1109375 0.0265625
15 0.3125 0.56875 0.13125 0.040625
12 0.671875 0.5546875 0.2234375 0.046875
12 0.7953125 0.4625 0.0234375 0.2671875
12 0.290625 0.371875 0.140625 0.0453125
12 0.2140625 0.4734375 0.053125 0.271875
5 0.2734375 0.503125 0.0671875 0.0671875
5 0.5296875 0.440625 0.1359375 0.04375
5 0.5265625 0.4625 0.2171875 0.2203125
5 0.4953125 0.4671875 0.625 0.2828125