16 0.346875 0.471875 0.0359375 0.3515625
14 0.896875 0.5390625 0.0453125 0.046875
14 0.83125 0.48125 0.1828125 0.0734375
14 0.8296875 0.3625 0.096875 0.096875
15 0.8328125 0.428125 0.1375 0.0390625
15 0.2234375 0.6046875 0.1890625 0.0640625
13 0.94375 0.4796875 0.05 0.3703125
13 0.7921875 0.6078125 0.2796875 0.0703125
13 0.228125 0.33125 0.196875 0.05
13 0.1 0.4765625 0.046875 0.3609375
6 0.1828125 0.5234375 0.09375 0.0796875
6 0.5640625 0.475 0.353125 0.2984375
6 0.5234375 0.4796875 0.896875 0.3796875