14 0.0671875 0.609375 0.0484375 0.0515625
15 0.190625 0.621875 0.178125 0.03125
15 0.1734375 0.66875 0.259375 0.034375
15 0.8875 0.528125 0.021875 0.2453125
15 0.8109375 0.384375 0.190625 0.028125
13 0.0546875 0.496875 0.040625 0.1046875
13 0.2015625 0.7203125 0.31875 0.0703125
13 0.7953125 0.69375 0.21875 0.0625
6 0.06875 0.3984375 0.084375 0.0625
6 0.284375 0.3921875 0.2390625 0.0984375
6 0.2296875 0.5265625 0.29375 0.1453125
6 0.5109375 0.56875 0.4078125 0.3703125
6 0.48125 0.5546875 0.9625 0.428125