16 0.4140625 0.4296875 0.1359375 0.190625
14 0.7421875 0.709375 0.0375 0.0390625
14 0.7125 0.6296875 0.140625 0.1515625
14 0.75625 0.5359375 0.0796875 0.0859375
15 0.71875 0.5890625 0.109375 0.0859375
15 0.2640625 0.465625 0.134375 0.1109375
12 0.375 0.2828125 0.140625 0.1015625
12 0.2234375 0.3203125 0.1734375 0.2390625
12 0.61875 0.70625 0.2390625 0.159375
12 0.8109375 0.6734375 0.14375 0.225
5 0.5515625 0.4828125 0.11875 0.096875
5 0.50625 0.521875 0.2703125 0.275
5 0.2703125 0.384375 0.0703125 0.06875
5 0.5109375 0.5140625 0.7484375 0.6328125