16 0.4734375 0.4421875 0.0328125 0.3125
14 0.859375 0.496875 0.040625 0.0421875
14 0.790625 0.446875 0.190625 0.06875
14 0.7828125 0.346875 0.0765625 0.0796875
15 0.78125 0.403125 0.128125 0.034375
15 0.3734375 0.5609375 0.1546875 0.0515625
12 0.26875 0.453125 0.0484375 0.3171875
12 0.353125 0.3296875 0.159375 0.0453125
12 0.759375 0.553125 0.240625 0.0546875
12 0.896875 0.4484375 0.0359375 0.3140625
5 0.334375 0.484375 0.0734375 0.0734375
5 0.5953125 0.3984375 0.1390625 0.0546875
5 0.596875 0.4265625 0.2046875 0.28125
5 0.5796875 0.4375 0.6703125 0.3546875