16 0.5421875 0.4046875 0.190625 0.165625
14 0.7453125 0.7625 0.0421875 0.04375
14 0.8109375 0.5953125 0.08125 0.0875
14 0.7328125 0.6640625 0.1203125 0.171875
15 0.759375 0.640625 0.09375 0.1125
15 0.325 0.365625 0.071875 0.0828125
15 0.38125 0.4375 0.078125 0.0796875
11 0.5203125 0.2390625 0.1390625 0.1359375
11 0.35625 0.2390625 0.2421875 0.209375
11 0.8484375 0.728125 0.1515625 0.1515625
11 0.63125 0.7359375 0.2078125 0.215625
4 0.375 0.325 0.0625 0.0703125
4 0.61875 0.5171875 0.23125 0.253125
4 0.5796875 0.503125 0.6890625 0.7375