14 0.353125 0.3 0.0390625 0.040625
15 0.7171875 0.6046875 0.08125 0.1203125
15 0.6546875 0.696875 0.1578125 0.0953125
15 0.384375 0.3796875 0.084375 0.109375
15 0.3578125 0.38125 0.1109375 0.159375
10 0.346875 0.4140625 0.134375 0.2265625
10 0.4140625 0.253125 0.0625 0.0515625
10 0.534375 0.7125 0.0953125 0.1375
3 0.4734375 0.4515625 0.0953125 0.1171875
3 0.509375 0.49375 0.2390625 0.1453125
3 0.5671875 0.3484375 0.1265625 0.1375
3 0.484375 0.334375 0.0515625 0.0625
3 0.4796875 0.234375 0.0609375 0.071875
3 0.5203125 0.50625 0.5625 0.665625