16 0.6015625 0.5125 0.021875 0.2859375
10 0.25625 0.4546875 0.0265625 0.0640625
14 0.2609375 0.5390625 0.0328125 0.040625
15 0.3453125 0.5546875 0.134375 0.028125
15 0.284375 0.50625 0.0828125 0.0140625
15 0.334375 0.58125 0.2015625 0.0296875
15 0.7203125 0.39375 0.1375 0.0265625
15 0.578125 0.4234375 0.0296875 0.059375
15 0.7671875 0.4953125 0.0171875 0.16875
10 0.7171875 0.6046875 0.1375 0.0484375
10 0.359375 0.609375 0.25 0.0328125
3 0.2765625 0.3953125 0.0640625 0.053125
3 0.3734375 0.4421875 0.071875 0.0390625
3 0.4265625 0.4046875 0.1609375 0.084375
3 0.4234375 0.625 0.15 0.0515625
3 0.4578125 0.509375 0.090625 0.1171875
3 0.490625 0.5234375 0.1578125 0.25625
3 0.5140625 0.50625 0.621875 0.3078125