14 0.259375 0.575 0.034375 0.0328125
15 0.3421875 0.565625 0.115625 0.0453125
15 0.3359375 0.6 0.1765625 0.05625
15 0.6890625 0.3359375 0.1203125 0.040625
15 0.7578125 0.409375 0.05 0.146875
13 0.3578125 0.628125 0.2125 0.0828125
13 0.728125 0.521875 0.14375 0.065625
13 0.240625 0.509375 0.0328125 0.065625
6 0.2390625 0.44375 0.053125 0.046875
6 0.371875 0.409375 0.1546875 0.0671875
6 0.3484375 0.4984375 0.178125 0.096875
6 0.53125 0.503125 0.2421875 0.259375
6 0.51875 0.48125 0.6578125 0.384375