14 0.425 0.209375 0.0390625 0.040625
15 0.4296875 0.315625 0.0375 0.1390625
15 0.39375 0.2921875 0.04375 0.2125
15 0.64375 0.7234375 0.0265625 0.134375
15 0.5421875 0.7828125 0.171875 0.0375
12 0.4234375 0.746875 0.0546875 0.146875
12 0.3578125 0.3421875 0.0828125 0.3109375
12 0.5125 0.1921875 0.0671875 0.025
5 0.58125 0.2046875 0.0484375 0.0609375
5 0.596875 0.3625 0.0890625 0.13125
5 0.4953125 0.4296875 0.1109375 0.0859375
5 0.5 0.5046875 0.2828125 0.153125
5 0.4953125 0.509375 0.3734375 0.7203125