16 0.596875 0.678125 0.121875 0.1921875
14 0.2796875 0.428125 0.0375 0.0375
14 0.3140625 0.5 0.1328125 0.1296875
14 0.2703125 0.590625 0.08125 0.08125
15 0.3046875 0.5359375 0.1140625 0.0828125
15 0.734375 0.6234375 0.1265625 0.1078125
12 0.21875 0.4453125 0.15 0.2578125
12 0.396875 0.4234375 0.225 0.140625
12 0.6453125 0.809375 0.1375 0.0953125
12 0.78125 0.7578125 0.1375 0.2390625
5 0.7375 0.7 0.0625 0.06875
5 0.4703125 0.628125 0.1140625 0.0859375
5 0.5125 0.5890625 0.25625 0.2609375
5 0.4984375 0.5984375 0.70625 0.565625