16 0.5625 0.55625 0.4953125 0.0203125
14 0.6 0.128125 0.071875 0.0671875
14 0.5375 0.2296875 0.103125 0.2828125
14 0.3765625 0.2234375 0.1296875 0.1109375
15 0.4578125 0.234375 0.053125 0.2015625
15 0.753125 0.6984375 0.0859375 0.2515625
7 0.384375 0.728125 0.0796875 0.1921875
7 0.7046875 0.228125 0.0953125 0.2640625
7 0.51875 0.0671875 0.546875 0.059375
7 0.5734375 0.8796875 0.51875 0.0671875
0 0.6484375 0.75625 0.1 0.11875
0 0.5609375 0.4546875 0.4390625 0.1984375
0 0.540625 0.475 0.5921875 0.884375