14 0.7359375 0.2984375 0.0375 0.0375
15 0.65625 0.3453125 0.1078125 0.0921875
15 0.6453125 0.3125 0.1625 0.1296875
15 0.2765625 0.73125 0.115625 0.1625
15 0.3875 0.7859375 0.1296875 0.103125
13 0.609375 0.3046875 0.2109375 0.159375
13 0.2640625 0.584375 0.1515625 0.121875
13 0.796875 0.3515625 0.065625 0.0703125
6 0.7046875 0.41875 0.1953125 0.178125
6 0.715625 0.5265625 0.1859375 0.1078125
6 0.840625 0.415625 0.0640625 0.0625
6 0.4796875 0.503125 0.2875 0.321875
6 0.5171875 0.5359375 0.778125 0.678125