14 0.6515625 0.2453125 0.0359375 0.034375
15 0.596875 0.3234375 0.06875 0.1140625
15 0.5875 0.2921875 0.1015625 0.1640625
15 0.54375 0.7578125 0.078125 0.1203125
15 0.4296875 0.7484375 0.15 0.096875
12 0.540625 0.3140625 0.16875 0.24375
12 0.359375 0.64375 0.0984375 0.1359375
12 0.7296875 0.2765625 0.059375 0.0484375
5 0.7828125 0.31875 0.0546875 0.0609375
5 0.709375 0.4578125 0.1171875 0.1171875
5 0.5953125 0.45 0.103125 0.06875
5 0.55 0.4921875 0.25625 0.203125
5 0.5453125 0.515625 0.5796875 0.7140625