14 0.665625 0.3921875 0.06875 0.0703125
14 0.7828125 0.4828125 0.0375 0.0359375
14 0.7078125 0.4703125 0.165625 0.0703125
15 0.45 0.6890625 0.0703125 0.0578125
15 0.38125 0.715625 0.0671875 0.0609375
15 0.6921875 0.4390625 0.10625 0.059375
10 0.7390625 0.559375 0.1875 0.1140625
10 0.803125 0.43125 0.1203125 0.2375
10 0.328125 0.5203125 0.1296875 0.08125
10 0.2875 0.6515625 0.121875 0.2671875
3 0.3515625 0.659375 0.0640625 0.0609375
3 0.5734375 0.546875 0.2109375 0.2421875
3 0.5453125 0.5484375 0.64375 0.48125