14 0.5171875 0.190625 0.0296875 0.046875
10 0.58125 0.196875 0.05625 0.0375
10 0.4390625 0.284375 0.09375 0.2546875
15 0.4796875 0.2796875 0.053125 0.13125
15 0.6015625 0.678125 0.01875 0.1453125
15 0.496875 0.715625 0.1734375 0.028125
10 0.3859375 0.6578125 0.053125 0.140625
3 0.5015625 0.39375 0.121875 0.0890625
3 0.484375 0.4671875 0.2703125 0.109375
3 0.6171875 0.3828125 0.0984375 0.1609375
3 0.58125 0.3171875 0.0390625 0.075
3 0.640625 0.2296875 0.0421875 0.0765625
3 0.5015625 0.4453125 0.3625 0.6875