14 0.4859375 0.1125 0.053125 0.0625
14 0.459375 0.234375 0.109375 0.290625
14 0.3359375 0.2796875 0.0953125 0.1171875
15 0.409375 0.2484375 0.096875 0.1984375
15 0.740625 0.6328125 0.0734375 0.1203125
15 0.7859375 0.7578125 0.0796875 0.1171875
7 0.58125 0.18125 0.1171875 0.221875
7 0.4 0.103125 0.3765625 0.1328125
7 0.4875 0.7875 0.1109375 0.1703125
7 0.665625 0.878125 0.4125 0.153125
0 0.7140625 0.775 0.0859375 0.10625
0 0.5296875 0.484375 0.3453125 0.240625
0 0.540625 0.496875 0.66875 0.928125