14 0.3359375 0.5078125 0.0359375 0.38125
14 0.86875 0.5625 0.0421875 0.0515625
14 0.81875 0.5046875 0.1546875 0.078125
14 0.815625 0.3828125 0.0828125 0.0984375
15 0.81875 0.45 0.1078125 0.04375
15 0.2109375 0.6484375 0.2078125 0.065625
13 0.7703125 0.6390625 0.2546875 0.0796875
13 0.909375 0.496875 0.028125 0.3625
13 0.075 0.515625 0.0421875 0.3890625
13 0.2015625 0.365625 0.2125 0.059375
6 0.1640625 0.565625 0.1 0.084375
6 0.559375 0.509375 0.378125 0.31875
6 0.4890625 0.50625 0.871875 0.40625