16 0.5875 0.6734375 0.340625 0.0265625
14 0.65 0.2125 0.040625 0.0421875
14 0.6 0.290625 0.0671875 0.215625
14 0.4859375 0.29375 0.0875 0.0875
15 0.5484375 0.29375 0.034375 0.1453125
15 0.7 0.7921875 0.0625 0.1625
12 0.4484375 0.8015625 0.059375 0.178125
12 0.709375 0.33125 0.0609375 0.284375
12 0.5921875 0.1734375 0.340625 0.034375
12 0.575 0.903125 0.34375 0.0421875
5 0.61875 0.8375 0.0828125 0.0734375
5 0.5578125 0.5171875 0.05 0.1671875
5 0.584375 0.51875 0.2890625 0.271875
5 0.584375 0.540625 0.3671875 0.771875