14 0.18125 0.578125 0.0484375 0.0515625
15 0.29375 0.6 0.175 0.0375
15 0.2796875 0.6359375 0.25625 0.0453125
15 0.6890625 0.384375 0.159375 0.0546875
15 0.7921875 0.4828125 0.0765625 0.1984375
13 0.7609375 0.6390625 0.1921875 0.0921875
13 0.3 0.690625 0.3015625 0.0875
13 0.171875 0.4796875 0.040625 0.1078125
6 0.184375 0.3765625 0.08125 0.0640625
6 0.384375 0.390625 0.2078125 0.1203125
6 0.3265625 0.509375 0.2578125 0.1484375
6 0.5265625 0.5953125 0.2625 0.365625
6 0.521875 0.546875 0.8046875 0.459375