16 0.3578125 0.496875 0.034375 0.3
14 0.815625 0.5109375 0.034375 0.0421875
14 0.7546875 0.465625 0.15625 0.0578125
14 0.746875 0.3609375 0.084375 0.0875
15 0.753125 0.421875 0.1171875 0.0359375
15 0.246875 0.6015625 0.1734375 0.0609375
13 0.728125 0.584375 0.228125 0.08125
13 0.8484375 0.4578125 0.0484375 0.334375
13 0.134375 0.5109375 0.04375 0.3046875
13 0.24375 0.3859375 0.1703125 0.046875
6 0.2109375 0.534375 0.0921875 0.0671875
6 0.534375 0.4890625 0.3109375 0.246875
6 0.49375 0.4765625 0.7625 0.371875