16 0.3796875 0.46875 0.028125 0.3625
14 0.878125 0.5375 0.0453125 0.0484375
14 0.79375 0.4828125 0.2140625 0.0765625
14 0.790625 0.3640625 0.0875 0.0890625
15 0.7875 0.4265625 0.1453125 0.0390625
15 0.2546875 0.5953125 0.175 0.065625
12 0.7515625 0.5984375 0.3015625 0.0703125
12 0.2421875 0.3296875 0.184375 0.0578125
12 0.1328125 0.4671875 0.0484375 0.3640625
12 0.915625 0.4828125 0.034375 0.359375
5 0.2109375 0.5078125 0.0859375 0.0875
5 0.553125 0.4390625 0.15 0.05
5 0.546875 0.4765625 0.29375 0.3109375
5 0.521875 0.475 0.83125 0.3859375