16 0.4890625 0.490625 0.021875 0.30625
15 0.378125 0.603125 0.1640625 0.059375
15 0.7640625 0.44375 0.1296875 0.0390625
14 0.7640625 0.3875 0.0796875 0.078125
14 0.8390625 0.525 0.0359375 0.0390625
14 0.7703125 0.484375 0.1828125 0.05625
10 0.8703125 0.4796875 0.034375 0.296875
10 0.3515625 0.38125 0.15625 0.0578125
10 0.7546875 0.58125 0.2171875 0.0578125
10 0.2609375 0.4984375 0.0484375 0.3125
3 0.3234375 0.5375 0.06875 0.0703125
3 0.6046875 0.490625 0.2296875 0.2703125
3 0.5640625 0.4921875 0.6578125 0.33125