16 0.5234375 0.3578125 0.403125 0.0328125
14 0.4546875 0.91875 0.0484375 0.05625
14 0.5203125 0.825 0.084375 0.2390625
14 0.6484375 0.815625 0.1046875 0.1046875
15 0.5765625 0.8125 0.040625 0.1734375
15 0.3875 0.221875 0.0703125 0.19375
12 0.384375 0.775 0.0734375 0.34375
12 0.6734375 0.203125 0.0625 0.2
12 0.5234375 0.0875 0.396875 0.065625
12 0.5203125 0.9625 0.4125 0.040625
5 0.5234375 0.54375 0.353125 0.340625
5 0.4796875 0.1765625 0.09375 0.09375
5 0.5609375 0.5484375 0.0515625 0.1671875
5 0.5203125 0.5203125 0.4171875 0.928125